0.367163
0.350001
-0.255473
-0.221839
1.861525
0.375434
1.419215
0.723238
0.548601
0.003832
0.284438
-0.387616
-1.122038
-0.965278
-0.959618
-1.066166
-0.728714
-0.608148
-1.844880
-0.703263
-0.057008
0.546085
0.930243
1.078902
0.760832
1.721528
0.546407
0.073401
0.800496
0.791113
0.485208
-0.047860
-0.150396
-0.729984
-0.168212
-0.323621
-0.904792
-0.417755
-0.032773
0.440956
-0.066190
0.937917
1.134432
1.296628
1.551199
0.946358
1.260806
1.354501
0.366768
-0.331380
0.329392
-0.208502
-0.362775
-0.815551
-1.374298
-0.758641
-0.484496
-0.663167
-0.694482
-0.329370
-0.114014
-0.381535
0.720317
1.340054
0.980331
0.717700
1.282382
1.413554
0.815196
0.555803
0.110810
-0.596339
-0.521650
-0.244697
-0.979059
-0.646867
-0.981332
-0.513893
-0.897589
-0.904157
-1.217678
0.675020
0.761191
1.173061
1.236636
0.111213
1.002746
1.776441
1.053122
0.233600
-0.234100
-0.491660
-0.458718
-0.716337
-1.398339
-1.227212
-1.092565
-0.260766
-0.078887
-0.157740
-0.630464
0.429093
0.979504
0.712507
0.297552
0.617200
1.342333
0.774686
0.779393
0.464731
0.376029
0.169579
-0.367033
-0.532444
-0.767462
-1.572348
-0.487315
-0.285150
-0.423237
-0.428854
-0.283918
-0.473288
0.602644
1.112606
1.431202
0.937232
0.709775
1.669222
1.443597
1.504993
-0.468621
-0.950938
-0.506487
-0.614502
-0.608560
-1.245910
-1.050457
-0.963169
-1.573285
-0.720080
0.033662
0.101203
1.008685
1.105770
1.100561
1.310163
1.978431
0.683115
1.919579
1.237929
0.632356
-1.293438
-0.870243
-1.467624
-0.850001
-1.529201
-1.171042
-0.070074
-1.201915
-1.232359
-0.373802
0.180863
0.929748
0.868123
0.774884
1.117303
0.381948
0.959533
1.106134
0.298890
0.592816
-0.475328
-0.077839
-1.482011
-0.928432
-0.715107
-1.475077
-1.547292
-0.883373
-0.438521
0.678418
-0.193808
1.109896
0.679356
0.641455
0.824493
2.019156
0.501019
1.344753
0.351794
-0.251300
0.043896
-0.527938
-0.851864
-0.710031
-1.237985
0.107464
-0.759504
-0.184450
0.199443
-0.466699
1.045270
1.080265
0.435674
1.108761
0.542835
1.566241
0.795723
1.042644
0.338645
0.134014
-0.556125
-0.817354
-0.903023
0.261768
-0.564727
-0.670175
-0.534162
0.611386
-0.080357
0.327537
0.002277
0.578440
0.289994
1.223988
0.665301
1.633454
1.298442
0.554651
0.130078
-0.687217
0.116315
-0.158708
-0.858793
0.100960
-0.702907
-0.650064
-0.797457
-0.203464
-0.680426
-0.048153
-0.188598
-0.027846
-0.109810
1.745933
-0.015924
2.128671
1.191039
-0.469541
0.263840
0.442409
-0.653205
-0.189925
-1.327891
-0.901957
-0.238137
-0.763940
-0.189513
-0.555020
-0.649171
0.256778
0.335862
1.652844
0.399217
1.000551
0.269134
1.764556
1.139236
1.296338
0.182402
0.225212
0.341666
-0.734444
-0.524409
-1.653900
-1.146568
-1.010830
-1.159030
-1.376293
-0.165225
0.120101
0.620239
1.072045
0.371752
1.082199
1.072508
1.549832
1.271387
0.195862
-0.598517
-0.405924
0.185448
-0.591477
-0.910876
-1.299428
-1.312512
-0.719455
-0.429952
-0.334585
-0.219008
0.584510
0.218818
0.579643
0.319257
1.051361
0.926262
0.441118
1.086641
0.722783
1.339757
0.258364
-0.050107
-0.675988
-1.355227
-1.544215
-0.830816
-0.184177
-0.620118
-0.111170
-0.554089
0.156781
0.177115
0.191694
1.181065
0.810778
-0.608469
1.918441
0.659638
0.779276
0.081823
0.078230
-0.439649
-0.618509
-1.026465
-1.502889
-1.229391
-0.803970
-0.906405
0.211051
1.238704
-0.377898
-0.127161
0.061290
0.321217
0.895002
1.172711
1.028496
0.155596
1.350641
0.788333
-0.493086
-0.427612
-0.830680
-0.839599
-1.271015
-1.357662
-0.860350
-0.960314
-0.588872
-0.484777
-0.072435
0.416053
0.260714
1.501808
1.253620
-0.377697
0.619705
1.130980
1.055652
-0.404219
0.883181
-0.328893
-1.339098
-1.021498
-1.275701
-0.214773
-2.046581
-1.212564
-0.394361
0.062445
-0.812408
0.993029
-0.116634
0.367934
0.777777
1.421420
1.226422
0.811561
1.026446
0.037247
0.786108
-0.263044
-1.508564
-1.261051
-1.443881
-1.564914
-0.620664
-1.412925
-0.587884
-0.369787
-0.386810
0.363412
0.236453
1.733002
0.196042
1.132552
0.701200
0.704265
-0.277404
0.729839
0.108045
0.238781
-0.277233
-1.206762
-1.561975
-1.255418
-0.691288
-1.361485
-0.710228
-1.401883
-0.492207
0.545742
0.996018
1.504477
1.161002
1.180627
0.461913
-0.180396
1.085044
0.578030
0.222760
0.018094
-0.806779
-0.247691
-0.471126
-1.144297
-1.259028
-0.834325
-0.253193
0.265921
0.494726
-0.637427
0.735084
-0.725420
0.151667
0.576841
0.973158
0.780175
0.526476
0.827593
0.058621
0.131819
-0.625856
-1.266231
-1.544214
-0.400123
-1.159037
-0.567045
-0.591041
-0.570900
0.230258
-0.112189
1.047932
1.448225
1.861242
1.337953
1.418799
1.203148
0.083688
0.251352
0.209572
-0.880503
-0.699524
-1.517223
-1.082206
-0.885986
-0.782997
-0.467292
-0.097423
-0.416783
0.480611
0.826497
0.509330
0.864405
1.405768
0.966968
0.587678
0.554826
0.266057
-0.233031
0.616451
-1.351524
-0.633864
-0.744204
-0.847910
-1.106740
-1.714548
-1.081127
-1.101691
0.034761
-0.196640
0.546846
0.556059
0.529493
0.583358
0.306690
0.551470
0.503407
0.532674
0.516146
0.115048
0.119499
-0.563681
-0.297343
-1.042053
-1.145064
-0.543455
-0.647851
-0.518598
-0.534523
-0.076520
-0.130484
0.491432
0.906460
1.748496
0.779028
0.740071
0.921922
0.660988
0.313862
0.053799
-1.333783
0.069230
-0.499997
-1.160689
-1.327309
-1.296130
-1.648651
-0.711870
0.287660
-0.781786
-0.563578
0.575738
0.134922
0.807454
0.624367
1.166919
0.593397
0.648713
0.519301
0.202425
-0.067152
-0.734448
-2.043756
-0.824952
-1.464586
-0.685134
-1.472173
-0.075773
-0.759649
-0.327908
0.508103
1.760441
0.336370
1.845808
1.245218
0.504588
1.191120
0.698694
0.074048
-0.218553
-1.334716
-0.668182
-0.543642
-0.818795
-1.165968
-0.418519
-1.007218
-0.279862
-0.887900
-0.096519
0.452165
0.948395
0.828362
1.122629
1.628049
1.573150
0.527455
0.705094
1.082688
0.083491
-0.293267
0.121635
-0.362999
-1.279589
-0.998101
-1.513093
-0.933365
-0.138450
-0.953064
0.510807
0.116892
0.239072
0.441808
-0.113813
0.952874
0.375034
-0.030567
0.585291
0.015268
-0.199634
-0.246912
-0.505596
-0.984060
-1.093700
-1.198913
-1.079246
-1.276754
-1.241520
-0.871661
0.263931
0.311738
1.037717
1.399010
0.569204
0.471663
0.020738
0.703462
0.933434
1.058119
0.038036
-0.541412
-0.477639
-1.219911
-0.905759
-1.040424
-1.570287
-0.977231
-0.356514
0.403316
0.275141
1.280276
0.240975
0.901561
0.867621
1.073758
0.412904
0.757312
0.430106
0.122386
-0.182126
-0.438154
-0.583365
-0.161074
-1.140594
-1.002668
-1.774527
-0.715981
-0.547409
-0.632519
0.185098
0.165683
0.452053
0.244384
1.389705
0.538859
1.004957
0.868480
0.947005
0.678557
-0.677629
0.336244
-0.301075
-1.283794
-1.445901
-1.204744
-1.218974
-0.326266
-0.078464
-0.203369
0.513181
0.363929
1.251091
1.418329
0.316680
1.418145
1.135040
0.699136
1.008229
0.083974
-0.282923
-0.025784
-0.640757
-0.761224
-0.377422
-1.247773
-0.830202
-0.425176
-1.170419
-0.257572
-0.084814
0.537654
0.718814
0.823580
0.540363
1.461687
1.697497
1.055188
1.010419
0.333135
-0.197214
-0.218710
-1.364139
0.020612
-0.485797
-1.916390
-1.607454
-0.521327
-0.668279
-0.324238
-0.801068
0.371766
0.678058
1.126572
0.214708
1.510141
0.420254
0.839288
1.344447
0.973771
0.194105
0.221944
-1.164061
-0.396983
-0.494236
-1.514581
-0.881551
0.620161
-0.106891
0.313426
0.303526
-0.269898
-0.361669
0.768922
0.443171
0.277732
0.881742
1.025027
1.714282
0.079227
0.045244
0.995050
-1.106370
-0.682465
-1.084356
-0.341258
-0.895206
-0.173299
-0.381896
0.069941
-0.836168
-0.057726
-0.073822
0.053235
1.406776
1.521938
0.882537
0.313819
1.109987
1.221346
0.351706
-0.720093
-0.812442
-0.457412
-0.919943
-0.486782
-1.442014
-0.040934
-0.731726
-0.664667
-0.587478
0.736903
0.419697
0.671923
0.762409
0.480134
0.596858
0.749423
1.672497
0.120702
0.399343
-0.780031
-0.151229
-0.361018
-0.593296
-0.814199
-1.863657
-0.879815
-0.287090
-1.213662
-0.209456
0.907790
0.604667
1.487172
0.781892
1.619337
1.030957
1.148145
-0.133081
-0.430747
0.244176
-0.488372
-1.500376
-1.035550
-1.128832
-1.427385
-1.574468
-0.698134
-0.419969
-0.710262
0.661872
0.065313
-0.402564
0.820469
1.357866
0.051237
1.889813
0.663683
0.176344
0.450870
-0.269749
0.165851
0.076167
-0.590325
-0.953812
-1.851664
-1.332953
-0.798110
-1.586894
-0.835984
0.074752
-0.306936
0.202170
0.959647
1.045771
1.059286
2.171503
1.144315
0.248020
0.333281
0.580242
0.595344
-0.245475
-1.198035
-0.608282
-0.715834
-0.688419
-0.835856
-0.696719
-0.260542
-0.299422
0.606206
0.562442
1.474846
1.323876
1.113168
1.616808
1.243171
0.757809
-0.146282
0.666295
-0.372182
-0.763585
-0.793946
-0.416896
-0.940713
-1.519351
-0.949441
-0.990890
-0.444918
-0.625662
0.486903
0.415389
0.367088
0.660430
1.635220
0.353519
1.052040
0.672260
-0.287794
0.020035
-0.771689
-0.169846
-0.533378
-1.009567
-1.494603
-1.210994
-1.058084
-0.415086
0.314101
0.379342
0.086463
-0.353708
0.441072
1.127390
0.469438
0.948475
1.545327
1.400518
0.396926
0.884903
-0.024104
-0.233317
-0.530737
-1.197578
-0.901991
-0.692186
-0.216253
-1.873461
-0.736012
0.693330
0.634980
0.696688
1.070310
1.542696
0.527357
1.156573
-0.131456
0.653828
0.357100
0.629992
-0.676386
-0.315071
-0.331113
-1.304410
-0.844186
-0.926675
-0.895929
-0.836913
-0.640168
-0.583983
0.077361
0.122766
0.785939
1.733574
0.851865
1.436876
1.053003
1.263033
0.305778
-0.049710
-0.384661
-1.196520
0.207231
-1.664551
-1.061994
-1.134292
-0.772196
-1.303367
0.080260
-0.021595
0.194533
1.298663
1.146358
1.810452
1.657237
0.677474
0.681091
1.211383
0.100451
-0.037588
-0.533501
-0.379118
-0.271386
-1.255519
-1.250930
-0.474191
0.046084
-0.111581
-0.995448
-0.034204
0.466274
0.624203
0.544545
0.073152
1.603471
1.481843
1.170659
0.398890
-0.348236
0.291770
-0.739652
-0.707657
-0.184172
-0.470287
-1.164559
-0.767941
-1.140423
-0.979887
-0.408067
-0.643480
1.253188
0.839716
0.427835
0.947560
1.480237
0.864172
0.694090
0.976681
1.047284
0.434379
-0.241121
-0.322520
-0.797407
-1.175198
-1.329231
-1.343649
-1.232531
-0.582348
-1.103219
-0.064017
-0.447595
0.453592
0.348884
1.023971
1.486574
0.111078
0.434695
0.213284
0.078666
-0.096912
-0.773533
-0.715925
-0.312386
-0.879037
-1.249530
-0.798342
-0.537067
-1.476100
-0.396441
0.993356
0.337696
0.675178
1.597162
0.348593
1.426530
0.797397
0.933024
0.889115
0.205160
-0.318003
0.011992
-0.649316
-0.754670
-0.652826
-0.549351
-1.075170
-1.295645
-0.374719
0.346274
-0.309995
0.558736
1.294937
0.772608
1.116339
0.944859
0.488681
0.408577
-0.027585
0.224958
0.901435
-0.192161
0.226248
-1.258023
-1.200798
-0.132849
-1.630536
-1.460903
0.410523
0.183264
0.117604
0.340846
1.145572
1.134051
1.327089
1.718093
1.593981
0.928819
-0.086885
0.994176
-0.500764
-1.555641
-0.397677
-0.734524
-1.245280
-0.925412
-0.258431
-0.636579
-0.731542
-0.256669
-0.829492
-0.435449
0.053198
0.236873
2.054797
1.285467
1.445166
0.664367
0.221864
0.707550
0.204721
-0.521103
-1.484149
0.235197
0.059137
-1.535178
-0.327134
-0.956382
-0.897460
-0.828182
-0.228697
0.392171
-0.129630
0.866384
0.182875
0.914199
0.472482
1.436575
0.236512
0.196373
0.213751
-0.412859
-0.876436
-1.691962
-1.148095
-0.429500
-0.741645
-1.388708
-0.109925
-0.378146
0.369903
0.384891
-0.572199
0.275838
1.749501
0.904940
0.645172
0.945254
0.874957
-0.054473
0.152994
-0.942741
-0.929461
-1.121811
-0.856768
-0.041703
-0.652820
-1.264702
-1.427032
-0.700875
0.746973
0.569790
0.044087
1.475376
0.528215
0.981714
0.600169
0.802560
0.245015
-0.062155
-0.371285
0.708152
-1.590736
-0.297463
-1.182689
-0.724424
-0.433850
-1.542417
-0.217500
-0.436380
-0.515299
0.293065
0.541757
0.963003
1.152880
0.847291
1.325246
0.962909
1.224846
1.020934
-0.245282
-0.447316
-0.052723
0.204608
-0.302347
-1.000462
-0.845228
-0.004290
-1.149070
-0.431988
-0.395925
1.007550
-0.037428
0.548416
0.981284
1.165093
0.752566
0.300877
0.422185
0.146132
-0.592573
-0.978127
-0.485831
-0.461729
-0.684188
-1.000068
-1.264286
-1.638420
-1.092400
-0.619641
-0.148766
0.430573
0.698152
1.218255
1.121283
0.299472
1.339460
0.267040
0.346403
-0.065635
0.309040
-1.198472
-0.300197
-1.191383
-1.395775
-1.683751
-1.385864
-1.445142
-1.062168
0.256827
-0.117761
-0.244703
1.155476
1.089438
1.118726
0.704056
1.264284
0.462547
0.171844
-0.017022
-0.250049
-0.067748
-0.157654
-1.829844
-1.202709
-1.742986
-0.369103
-0.025684
-0.932393
0.106654
0.258607
0.486423
1.032312
1.169139
1.054062
0.619939
1.695286
0.296438
0.534703
0.127370
0.495062
0.280060
0.056044
-0.107713
-1.662442
-0.819736
-0.946661
-1.124665
-0.496817
-0.466849
-0.619907
-0.094234
0.104492
0.358719
0.883917
1.098434
0.458968
0.032037
0.059363
0.611674
0.430762
-1.021781
-0.413836
-1.037096
-1.419016
-0.860213
-1.648082
-1.499936
-0.781233
-1.471478
-0.408464
-0.364468
-0.307164
0.362448
0.967949
0.838664
2.046308
0.719135
0.139258
0.659226
0.305412
-0.785116
-0.650602
-1.400932
-1.141505
-1.165075
0.096971
-0.473757
-1.182802
-1.035723
-0.361460
0.477040
1.520692
0.498016
0.860872
0.202643
1.551527
1.101720
1.025312
0.673489
-1.045519
0.250241
-0.622677
-1.118463
-1.182986
-0.457581
-0.000813
-0.302268
0.316755
-0.581899
-0.764653
0.111526
0.046007
0.253079
0.761101
0.248752
0.496444
0.752081
0.642320
-0.088570
-0.134433
-0.325419
-0.768661
-0.459432
-1.405694
-0.773522
-0.200378
0.025514
-0.850245
-0.058936
-0.490005
0.543238
-0.248274
-0.053628
0.490681
0.082509
1.201160
0.844344
1.081846
0.462596
0.325138
-0.802494
-0.154089
-0.822852
-1.280060
-0.430892
-0.578141
-0.902807
-0.449482
-0.497059
-0.423464
0.413736
0.452095
0.614050
1.132144
0.761491
0.787560
1.642371
-0.548177
-0.073997
-0.635003
0.709413
-0.716076
0.009810
-0.861793
-0.969137
-1.539786
-1.345689
-0.623211
-0.620634
1.033744
-0.262273
1.283454
1.021439
0.780666
0.482801
0.577124
0.469798
-0.087249
1.071375
-0.407245
-0.917631
-0.579318
-0.798982
-1.642735
-1.237256
-0.829414
-0.165662
-0.763314
0.151963
-0.809393
0.105886
0.673783
-0.400159
1.063341
0.688186
0.395227
1.396655
0.734975
-0.067614
-0.184120
-1.029694
-1.114286
-0.126214
0.051849
-0.620468
-1.319556
-0.637301
-0.859093
-0.661460
0.494155
1.305745
0.725589
1.300421
0.602961
0.866013
0.781652
1.472197
0.364001
0.320754
0.302201
-0.524009
-1.051823
-0.919334
-1.309784
-1.271807
-0.513874
-0.864757
-0.177165
-0.990084
-0.048712
-0.312568
0.581176
0.221985
1.111891
1.415131
0.737450
0.891439
1.016524
0.636556
0.023246
-1.136898
-0.812134
-1.804564
-1.138595
-0.559151
-0.714208
0.404301
-0.684236
0.044721
0.054359
-0.159709
0.603412
0.523952
0.490012
0.698575
0.850794
2.130796
0.323349
-0.036864
-0.361842
-0.309679
-0.013945
-1.389474
-2.178377
-1.042807
-0.452854
-2.016273
-0.202404
0.316313
0.087123
-0.670815
0.597797
1.091163
1.367014
1.354494
1.317711
1.371722
-0.011403
0.826247
-0.878530
-0.282309
-0.424343
-0.261165
-1.440221
-0.909045
-0.283457
-0.612164
-0.210001
-0.324889
-0.297682
0.812559
0.890604
1.353223
0.724187
1.027359
1.473976
0.276547
0.870822
0.545849
0.776294
0.675070
0.066833
-1.371741
-1.769292
-1.670885
-0.588713
-1.073873
-1.123747
-0.403092
-0.052163
-0.371832
0.600262
0.264069
0.533325
1.451445
0.683443
0.459744
1.337777
0.822856
0.217431
-0.153084
-1.041570
-1.149686
-0.558412
-0.969886
-1.221617
0.226345
-0.882590
-0.643098
-0.247334
-0.884010
0.849384
1.337670
1.219535
0.399158
0.328964
1.245011
0.268513
0.886125
-0.567081
-0.040676
-1.069527
-1.076243
-1.289827
-0.373825
-0.550703
-0.711996
0.056003
-0.787989
-0.857710
0.527079
0.618122
0.843065
0.488251
1.353977
1.200456
0.147858
0.565700
0.913440
-0.046275
0.703845
-0.551831
-0.932252
-1.591899
-0.989620
-0.652366
0.134400
-0.992965
-0.414128
0.038743
0.476707
0.802838
1.548991
1.306511
0.720077
2.152661
0.533665
0.800106
1.055157
0.780003
-0.813456
-0.673685
-1.196010
-1.020749
-1.077506
-1.587439
-0.619517
-0.377682
-0.406323
-0.222943
0.139908
-0.520463
0.222244
0.495673
1.075780
1.062589
0.599240
0.879808
0.435186
0.426840
-0.328822
-0.540560
-0.498542
-0.935738
-0.465051
-1.262058
-0.579380
-0.662809
-0.091720
-0.417980
0.708152
-0.615828
0.462804
2.033190
1.827723
0.985536
0.304505
0.296248
-0.032894
0.280459
0.513562
-0.655542
-0.835488
-1.030569
-0.375413
-1.090858
-0.651234
-1.089365
0.059017
-0.622333
0.537545
0.119154
2.369856
1.075884
0.594065
0.850783
1.446775
0.595632
-0.471963
0.402564
-0.408323
-1.058497
-0.107400
-0.852648
-1.533095
-0.124599
-0.253734
-1.245080
-0.194968
0.390532
-0.070698
0.790870
0.748570
0.844430
0.481507
1.624023
1.049448
0.567544
0.409191
0.710217
-0.423783
-0.932938
-0.607755
-0.498206
-1.192065
-1.592826
-1.665967
-1.153873
0.458549
0.494875
-0.276207
0.493579
0.964339
0.620331
1.165197
0.592578
0.252924
0.107781
0.615064
-0.215963
-0.500952
-0.606379
-1.296874
-1.220511
-0.672080
-0.454269
-0.824160
-0.472890
-0.696305
-0.240580
0.105790
0.849648
0.685168
1.523869
0.489192
1.102191
0.485990
0.600997
0.369496
-1.072932
-0.412999
-0.934308
0.174903
-0.427875
-1.082669
-1.240971
-0.917613
-0.467735
0.201594
-0.045124
0.728652
0.439109
1.386528
0.728429
0.445313
1.521435
1.275550
0.327461
0.014161
0.690689
-0.461184
-0.490073
-0.229605
-0.934569
-1.477582
-1.087609
-0.230127
-0.939678
0.261565
-0.079064
-0.175218
0.141436
1.263746
1.117227
1.135378
0.209891
1.406216
0.522206
0.517042
0.671237
-0.890947
-0.373505
-1.473674
-1.912516
-0.354990
-0.912774
-0.593453
-1.090367
-0.132017
-0.394253
0.550926
0.155937
0.996471
2.312232
1.416082
0.716533
0.691483
-0.170811
0.363688
0.528872
0.269400
-0.905559
-0.625224
-0.797863
-0.971957
-1.303794
-1.171050
-0.585608
-0.518386
-0.213895
0.575026
0.944990
0.781231
1.106348
1.624090
0.658939
0.994329
0.838199
0.186786
-0.117630
-0.318815
-0.965558
-0.072696
-0.948483
-1.382198
-1.112485
-0.080120
-1.480227
-0.048155
0.425756
0.681669
-0.098598
1.705025
0.798585
1.144935
0.641455
0.784686
-0.098093
0.126373
-0.401796
-0.445668
-0.417739
-0.778977
-0.475267
-0.946332
-2.314489
-1.055191
-0.028855
0.215860
0.992207
-0.061919
1.257668
0.894308
1.304541
1.158359
1.167090
0.922466
0.367841
-0.879874
-0.619543
-1.081991
-0.827256
-2.040951
-0.776485
-0.514350
-1.696761
-0.869128
-0.842723
-0.546237
0.400439
0.196350
0.301501
0.258420
1.003523
1.146496
1.004203
0.985618
0.953937
0.823011
-0.294637
-0.265096
-0.359315
-0.782424
-0.779507
-1.511272
-0.638981
-1.051095
-0.677480
0.665065
-0.041142
0.461269
-0.648864
1.252845
1.753093
0.422102
0.839277
0.438010
-0.415402
-0.370160
-0.022042
-0.298497
-0.242244
-0.980219
-1.117617
-0.222664
-1.315779
-1.213189
-0.334971
-0.029639
-0.016895
0.318068
0.247083
1.421121
1.054837
1.376333
1.511884
1.163978
-0.448647
0.848264
-0.269311
-0.260031
-0.502625
-1.664999
-0.191608
-0.845330
-0.601511
-0.878784
-0.326865
-0.325642
-0.135577
0.840962
0.554991
0.262534
1.235151
0.613990
0.643686
0.533775
1.145678
0.379659
-0.555036
-0.471755
-0.290879
-0.898317
-1.194202
-2.071315
-1.548762
-0.815690
-1.492144
-0.548252
-0.256784
-0.033835
0.117023
1.230674
0.104768
1.362839
0.802310
0.673268
0.903306
0.554908
1.561220
-1.008418
-0.193454
-0.261330
-0.609035
-0.896728
-0.639480
-2.199937
-0.192185
-0.121410
0.469032
0.142160
0.619687
0.768799
0.214643
1.812219
-0.073856
0.830699
0.213278
0.679585
0.037172
-1.394949
0.100676
-1.186035
-1.672856
-1.386364
-0.649003
-0.985429
-1.980659
0.414182
-0.168539
0.804524
1.129874
1.039736
0.999284
1.714666
0.233493
0.480161
-0.055447
0.073266
-0.742484
0.352117
-0.502396
-0.540751
-0.650388
-0.157114
-1.280314
-1.503513
-1.146088
-0.034519
0.086464
0.448845
0.699527
0.660146
0.090822
1.099377
1.753210
0.216733
1.093146
0.997714
-0.420424
-0.322322
-0.456673
-0.259275
-0.403385
-0.935733
-0.883027
-1.080502
-0.492868
-1.193089
0.263038
1.460978
1.150765
0.063469
1.600739
0.167933
1.585138
0.836826
-0.158040
-0.240318
0.100028
0.171529
-0.974163
-1.372208
-1.284384
-0.630788
-0.503866
-0.769912
0.137624
-0.368845
0.312955
-0.164168
0.728382
0.926189
0.722653
0.820209
1.281707
1.261801
0.002559
0.039433
0.688230
-0.006142
0.426399
-0.985131
-1.039337
-1.102114
-1.030568
-0.232758
-0.069810
1.736193
0.672873
-0.750254
0.255718
0.944216
0.597078
0.836350
0.905830
0.586286
-0.318027
0.320949
-0.491730
-0.158633
-1.842849
-0.737139
-1.038151
-0.817994
-1.217517
-1.355260
-0.669498
-0.195415
-0.446655
-0.238469
0.366936
-0.042660
0.036458
0.057049
1.111298
0.895442
0.617349
1.923482
0.225310
0.008893
-0.682952
-1.620457
-0.296394
-0.417493
-0.725058
-1.827638
-0.244389
-0.140765
1.066489
0.340716
0.241941
0.339857
0.799106
0.781076
1.489920
1.940429
-0.025374
0.213981
-0.106445
-1.202524
-0.500077
-1.061265
-1.256674
-0.409072
-0.621322
-1.172627
-0.153994
-0.493812
-0.309604
0.301172
0.080204
0.606441
0.692672
0.858534
0.890627
1.795868
0.973571
0.063524
0.470526
0.102743
-0.110934
-0.784234
-1.622603
-0.689720
-0.768809
-1.307595
0.348336
-0.482259
0.417385
-0.199055
1.291397
0.674134
0.685624
1.425387
0.833948
1.660459
1.505432
0.369680
1.240082
-0.607872
-1.006363
-1.447108
-1.571540
-0.789172
-1.157199
-0.428633
-0.434922
-0.625302
-0.222549
-0.119213
0.692723
0.689580
1.364700
-0.514233
1.865721
0.246970
1.001960
-0.619626
0.330154
-0.912713
0.582562
-0.790837
-0.901188
-1.397372
-1.142119
-0.792405
-0.575887
-0.395721
-0.666770
-0.276145
0.803818
1.023040
0.529411
1.864798
0.963184
1.540815
0.239279
1.110193
0.128821
0.018087
-1.225660
-0.766753
-0.010840
-0.988009
-0.910151
-0.338391
-0.235390
-0.352722
0.149650
0.678866
0.590868
0.298751
1.520716
1.113819
0.985676
1.377621
-0.305184
0.913677
0.085379
-0.056418
-0.110472
-1.605900
0.012533
-1.067300
-2.087027
-1.629776
0.048577
-0.218965
-0.026961
0.464671
0.099774
0.991530
0.695985
1.130780
1.751306
1.124742
1.289846
0.898146
0.050145
-0.394354
-0.232328
-1.392972
-1.015992
-0.729188
-0.672675
-1.113257
-0.473858
-0.305231
-0.578314
-0.149437
0.370926
1.343157
1.313559
1.662156
1.391323
0.977078
0.603641
0.411944
0.653557
-0.174718
-0.075748
-0.825901
-1.996453
-1.158030
-0.884588
-1.141531
-0.611161
-1.061139
-0.336663
-0.091187
0.473683
1.039088
1.234274
1.523330
1.455327
0.591204
1.355158
0.355690
-0.494175
-0.780529
-1.065795
-1.452247
-0.303110
-1.131400
-0.444804
-1.065764
0.126544
-0.135397
-0.472254
0.707952
0.889711
0.029300
0.253204
1.069347
0.599987
0.548772
0.969843
0.458282
0.526366
-0.161128
0.141571
-0.985111
-0.880424
-1.031896
-0.884665
-1.354847
-0.240060
-0.628406
-0.505814
1.590504
0.069530
-0.339074
0.805220
0.560783
1.855343
1.063116
0.725764
0.106637
-0.029158
-1.213680
-0.916586
-0.258605
-1.551191
-1.388743
-0.695437
-0.650036
-0.195964
0.156200
-0.164705
1.495566
0.519354
1.252037
0.883585
1.129690
0.224381
0.995033
0.439853
-0.429504
0.139369
-1.467055
-0.395516
-0.300572
-1.260098
-0.785733
-0.792209
-1.142564
-0.544651
-0.901642
0.343593
0.797270
0.573189
0.544481
1.944797
0.136006
1.669572
1.253437
1.151227
0.963779
-1.255724
-0.073803
-0.568404
-0.789880
-1.313370
-1.811163
-1.434279
-0.622789
-0.557948
-0.014432
0.390879
-0.246509
0.580301
1.061424
0.538033
1.730533
1.390277
0.619717
0.633861
0.619436
-0.327238
-1.252026
-0.373029
-0.773716
-1.556305
-0.317755
-0.688978
-0.834434
-0.302964
-0.259615
-0.305214
-0.547751
0.373480
0.982634
0.458588
0.491217
1.627620
1.149943
0.948831
-0.765261
-0.275475
0.297645
-0.418192
-1.831303
-0.507248
-0.955332
-0.424767
-1.682254
-0.134888
-0.522482
0.221525
-0.689104
0.852845
-0.384391
1.110313
1.002832
0.982900
1.239531
0.386733
0.104000
0.097510
0.388048
-0.821662
-1.165267
-1.673442
-0.201209
-0.592686
-0.599533
0.132119
-0.195563
-0.342476
0.123038
0.921530
1.790989
1.304706
0.869385
0.947832
1.020719
0.442643
-0.464369
-0.371556
-0.659555
-1.126615
-1.072265
-0.922620
-1.485222
-1.100398
-0.372365
-0.337153
-0.085737
-0.077883
0.559262
0.233973
0.746047
-0.188430
1.158974
-0.051905
0.432327
1.242591
1.144707
0.781546
-0.854433
-0.969524
-0.878026
-0.930022
-1.048745
-0.562812
-0.803326
-0.069454
-0.121414
0.135601
0.073181
0.815718
1.256396
1.631291
1.285662
0.171958
1.734208
0.309930
0.661537
-1.420306
0.922720
-1.170955
-1.160903
-1.119892
-0.846962
-1.480588
-0.313864
-1.600867
-0.322935
0.052867
0.154704
-0.322016
0.972285
0.473282
1.328175
0.832372
1.215971
0.945997
0.438870
0.121713
-0.431351
-0.238694
-1.258518
-1.022738
-1.058350
-1.164856
-1.014869
-0.865848
-0.039500
0.728280
0.863553
-0.068761
0.874802
1.148154
0.569680
0.871532
1.147561
0.103724
0.293243
0.458949
-0.358389
-0.057940
-0.576887
-1.287667
-0.261932
-0.856208
-1.500717
-0.980226
-0.817255
-1.158384
0.253327
0.699767
1.055745
1.185052
1.225656
0.566964
0.255971
0.752086
-0.017951
0.062118
-0.598606
-0.706591
-0.276465
-1.256175
-2.267881
-1.144934
-0.719258
-0.029655
-0.470974
-0.006686
0.570869
0.896148
1.356337
0.508734
1.274496
0.660876
0.861417
1.239646
0.056331
0.766647
-0.329838
-0.876480
-0.466525
-1.452222
-1.227179
-1.124095
-1.245390
-0.272190
0.178990
-0.329205
0.700602
0.074784
1.086975
0.522514
0.568854
1.471975
0.604981
0.001572
0.332770
-0.498400
-1.230924
-0.749436
-1.679358
-1.030475
-2.197617
-1.335397
-0.985389
-0.757229
-0.268035
-0.602920
0.379444
0.674562
0.454429
2.741312
1.593059
1.413621
0.815971
-0.343998
-0.120248
-0.300501
-0.182719
-0.991707
-0.698765
-0.547586
-1.160581
-1.587454
-0.733775
-0.400119
-1.019183
0.601085
0.288569
0.239329
0.579367
1.410938
1.000252
0.887365
0.475676
0.739260
-0.207731
0.101864
1.395386
-0.624042
-1.120283
-0.548755
-1.363404
-1.261775
-0.932375
-0.652563
-0.199285
0.249326
0.360047
0.134898
0.641808
0.808201
0.849494
1.642075
2.000026
0.283931
0.345429
0.216345
0.360316
-0.493599
-0.882771
-0.729031
-1.666299
-0.828285
-1.017879
-1.436483
-0.616408
-0.147542
0.258503
0.276146
1.146717
1.031322
0.365954
0.272737
1.226813
0.905969
-0.090027
-0.499088
-0.436740
-0.650822
-0.777030
-0.200676
-0.285081
-1.315519
-0.423664
-0.135866
0.127295
0.315229
0.536322
0.417034
0.484304
1.091429
1.317893
1.281165
0.063192
0.363408
0.541659
-0.002364
-0.490487
-0.704031
-1.254736
-0.415523
-1.124888
-1.497759
-0.731647
-1.073720
-0.202965
-0.100355
0.747688
-0.098477
0.750380
1.072194
0.608117
0.948120
1.082314
0.013103
0.565266
0.679357
-0.291035
-1.490249
-0.996313
-0.114313
-1.373321
-0.437225
-0.986963
-0.989278
-0.281579
-0.165489
0.706229
0.424627
0.096751
0.741852
0.403704
1.731824
1.150371
0.866140
0.838227
0.025962
-0.495942
-1.639165
-0.128659
-1.156557
-0.780360
-0.974808
-0.582061
-0.698594
-0.648648
0.342305
1.023166
-0.041518
1.657093
1.894967
1.372726
1.439604
0.360515
0.956456
0.505958
0.654334
0.244778
-0.597630
-0.515950
-0.588634
-1.432933
-0.556004
-0.882363
-0.553577
0.157101
0.247490
0.948182
0.277785
0.544051
0.775982
0.904409
1.032954
0.455545
1.735949
0.522825
0.805907
-0.634628
-1.064462
-1.328298
-0.674300
-0.756625
-1.365967
-1.789611
-1.268647
-0.299165
0.369533
1.179046
0.932365
1.182821
0.859665
0.644482
-0.024172
0.997833
-0.072898
-1.008584
0.601520
-0.349044
-0.386366
-1.383700
-1.058255
-0.936245
0.168282
-0.477855
-0.943960
-0.457299
-0.559964
0.852600
0.390766
1.476829
0.804558
0.946097
0.406891
0.403954
1.141275
0.820812
-0.037575
0.275913
-0.455780
-1.491005
-1.414873
-1.388953
-1.133052
-0.707716
-0.496136
-0.635043
0.156747
-0.207063
0.745282
-0.128038
0.872795
1.455174
1.023327
1.504985
0.459340
0.405856
-0.224722
-0.443977
-0.242770
-0.615550
-1.715001
-1.045434
-0.696100
-1.055742
-1.095572
-0.200354
0.351649
0.805568
1.827372
1.364338
1.191815
1.284874
1.360525
1.113307
0.451084
-0.562956
0.009345
-1.050691
-0.679007
-1.063654
-1.037248
-0.201744
-0.353345
0.176487
-0.795261
-1.207115
0.648336
0.548011
0.678532
0.171371
0.990127
0.561535
0.855372
0.434453
0.322193
1.127468
0.992476
-0.577196
-0.851190
-0.459952
-0.549975
-1.790004
-1.340973
-1.380755
-0.356297
0.333789
-0.187904
0.612922
0.216986
0.584648
1.590176
1.099719
1.229339
1.249231
0.055856
0.730357
-0.378213
0.181703
-0.141336
-0.135082
-0.731945
-0.616132
-1.167753
-1.547103
-0.842797
0.035691
-0.228829
0.370653
1.124707
1.595494
0.912499
0.584040
0.596500
1.751008
-0.336258
0.413057
-0.161678
-0.353865
-1.476636
-1.542119
-0.159286
-1.877374
-0.193060
-0.965569
-0.709226
-0.492914
-0.461565
0.659938
0.417578
1.000047
1.431479
1.170363
0.935466
1.459307
-0.000614
-0.179178
-0.091829
-1.232258
-0.291434
-1.100300
-1.121627
-1.286372
0.042640
-1.113109
-0.595838
-0.558608
0.081311
0.332161
0.956862
0.214008
0.777730
0.091912
1.083173
1.277861
0.792018
-0.109584
0.256738
-0.574162
-0.668176
-0.565857
-1.765763
-1.445325
-1.174213
-0.676347
-0.700612
-0.388072
-0.241477
1.224250
0.747994
0.323872
1.160180
-0.067769
1.406254
-0.270422
0.886462
-0.530250
-0.109209
-0.965607
-0.473981
-1.145365
-1.173441
-0.136412
-1.456560
-0.384555
-0.971157
-0.509306
0.635022
0.548125
0.809170
1.386133
0.657003
0.916686
1.149225
0.921773
1.046292
-0.570806
-0.453785
-0.939662
-1.361149
-0.514986
-1.172401
-1.528151
-1.050992
-1.678316
-1.199433
-0.152818
-0.865077
1.060908
-0.069652
0.781476
0.588628
0.915041
1.157034
1.420699
1.195422
0.095893
-0.089767
-0.186833
0.241955
-0.359278
-1.770509
-1.366758
-1.513709
-1.279193
-0.229591
-0.543748
0.800007
0.571945
0.748379
1.856648
0.755992
1.184407
1.257181
0.487423
0.681160
-0.399902
0.516782
0.640107
-0.433789
-1.903195
-0.010305
-1.640023
-1.585739
-1.239770
-0.722311
-1.003268
1.524491
-0.156918
1.030066
1.151378
0.527757
0.539955
1.792025
1.171511
0.037178
0.169011
-0.056416
0.009855
-0.099299
-0.307551
-0.463514
-0.851132
-0.109779
-1.229684
0.453137
0.030562
0.729310
0.198380
0.200895
1.078317
1.189351
1.245020
1.053973
1.149134
0.837779
-0.075802
-0.683428
-0.079760
-0.501609
-0.561251
-1.692992
-1.323340
-0.851124
-0.136585
-1.186682
-0.243473
0.109668
0.451833
0.182478
0.400648
0.676818
1.034352
1.194369
1.843139
-0.211440
0.804606
0.521635
-0.359414
-1.061660
-0.982322
-1.119188
-0.710914
-0.828999
-0.450875
-0.627773
-0.016122
-0.048779
1.205285
0.235353
1.175496
2.078807
0.709353
0.986362
1.193619
0.632972
0.786025
0.148076
0.374507
-0.695911
-1.673146
-0.556393
-1.180098
-0.927488
-0.493449
-1.557618
-0.488655
0.293742
-0.831302
0.029352
0.400774
0.708393
1.332509
0.286900
0.745938
0.904242
0.544006
0.031758
-0.030894
0.200005
-0.746200
-0.138257
-0.100106
-1.191740
-1.005286
-0.284080
-0.684800
-0.827685
0.444885
0.805503
0.907621
0.470055
0.803900
1.466216
0.899009
0.491151
0.021987
-0.181590
-0.294146
-0.435730
-1.160068
-1.448948
-0.978085
-0.869536
-0.791929
-0.895661
-1.139011
-0.085862
0.741893
1.493155
1.067365
1.119093
1.231406
1.005071
0.402783
0.283005
-0.264915
-0.072864
-0.217005
-0.167509
-1.013321
-1.430376
-0.836592
-1.669244
-1.330503
-1.390407
-0.279502
0.163545
-0.195287
0.470993
1.132974
1.067388
0.860951
0.982640
0.723719
-0.053621
0.562466
0.388001
-0.182507
-0.412046
-0.611419
-0.779848
-1.227245
-0.750858
-0.561384
0.100658
-1.154395
-0.765959
0.636822
1.154186
0.967114
0.352322
0.713831
1.457900
1.425126
0.941637
-0.426972
0.226290
-1.280586
-0.474683
-0.869143
-0.571777
-1.063938
-1.468945
-0.959383
-0.649108
-1.057428
0.153949
-0.132045
1.145097
1.052169
0.701297
0.442579
0.110017
1.256200
1.246220
0.442400
-0.294948
-0.070871
-0.560892
-0.672331
-0.088147
-1.101575
-0.892403
-1.396264
-0.948870
0.204839
-0.274728
-0.613547
0.869123
1.097220
1.210135
1.413638
0.616754
0.987945
0.461512
0.527926
-0.437734
-0.175567
-0.691362
0.162034
-1.009997
-0.789388
-0.721136
-1.059889
0.004271
-0.105124
0.513979
-0.029703
0.183357
1.080261
1.293467
1.308329
1.441581
0.845450
0.533630
-0.215263
0.046209
-0.026677
0.039188
-1.172855
-0.709992
-0.628301
-0.402599
-0.875233
-1.128183
-0.518299
-0.395395
0.300220
-0.232546
0.479209
0.655456
1.384381
1.440630
1.071080
0.259114
0.017773
-0.856623
0.352694
-1.509923
-0.394375
-1.522839
-0.973508
-1.066827
-0.415220
0.111300
-0.436629
0.664928
-0.406341
-0.085733
1.134212
1.223316
1.075997
0.128705
1.195492
1.198231
0.385383
-0.085399
-0.829693
-0.694060
-0.290753
-0.907434
-1.005242
-0.669004
-1.192392
-0.782322
-0.931806
-0.795186
0.131104
1.025346
0.601187
1.396021
0.579624
0.897013
0.438044
0.813810
0.593103
-0.270894
-0.737547
-2.033409
-1.546721
-0.517665
0.007314
-0.745526
-0.790152
-0.320194
-1.138108
0.528496
0.400490
0.167985
0.810967
0.983489
1.050641
1.428253
0.871341
0.646853
1.032042
-1.135373
-0.112036
-1.305520
-0.696540
-0.169165
-1.848709
-0.895565
-1.195745
-0.171775
-0.150944
-0.602583
0.615148
0.987908
0.334126
0.657755
1.700088
0.776108
1.255622
1.336337
0.777703
0.702020
-0.533300
-0.141658
-0.049114
-0.371448
-0.092750
-1.801758
-0.408165
-0.493449
-0.189039
0.581825
0.314672
0.899416
0.368286
1.040206
1.286749
0.971579
0.583613
1.085248
1.101003
0.233387
-0.901756
-0.574345
-0.859347
-2.218199
-1.143036
-0.635159
-0.455860
-1.597233
-0.445359
0.409646
-0.007501
0.929896
0.290947
1.425277
1.704564
1.357892
0.719916
0.565175
-0.010776
-0.219152
0.002533
-0.546655
-0.733687
-0.517976
-0.709009
-0.836193
-0.315895
-0.554785
-0.953622
-0.045820
1.246467
0.473121
0.220677
1.047489
0.776795
1.372861
1.410399
0.543803
0.803721
-0.168544
-0.561982
-1.311180
-1.036519
-0.244232
-0.859972
-1.277443
-1.111851
-0.825624
0.126709
0.006672
0.402869
0.670588
0.753097
0.129962
1.682366
0.158224
-0.506216
0.364014
0.671362
-0.015856
-0.440673
-0.665162
-0.614238
-0.752533
-0.609123
-1.329362
-1.282422
-0.175109
-0.465004
-0.350627
-0.265818
0.069540
0.619001
1.235272
0.451468
1.713486
1.553603
1.210719
0.361288
-0.212995
0.216450
-0.576798
-0.667986
-0.417982
-1.888149
-0.371695
-1.064341
-1.448130
-0.443631
-0.460745
-0.128488
0.108488
1.116769
0.578513
0.714018
1.023303
0.123222
1.031926
-1.013994
-0.194309
-0.610045
-0.232516
-0.605585
-0.653547
-1.252325
-0.023342
-1.046511
-0.586055
-0.656494
0.637600
-0.168578
-0.127674
0.652906
1.979667
0.866485
0.575220
0.814381
0.700570
0.162214
0.241295
-1.079805
-1.304125
-2.586911
-0.910661
-0.278531
-0.831999
-0.747656
-0.165119
-0.479765
-0.303814
0.444317
0.950648
1.339112
0.393996
0.880136
0.010156
0.712320
0.206808
0.522663
0.226337
0.178428
0.080682
-0.069398
-1.949428
-0.981873
-1.591391
-0.441544
-0.891204
-0.629358
-0.286515
-0.148731
0.403758
1.352970
1.330705
1.052488
0.821267
-0.746674
0.274108
0.484992
0.205841
-0.158201
-1.122356
-0.857041
-1.313643
-0.398889
-0.254680
-0.365846
-0.655426
0.011254
-0.441755
1.009795
0.974103
0.616099
1.266988
0.964512
1.253470
0.460778
0.710274
-0.031752
-0.668992
-0.651993
-0.830997
-0.429749
-1.486598
-0.686751
-1.410181
-0.280768
-0.544602
-0.381316
-0.601510
-0.261948
0.477343
1.444435
0.980223
0.494222
1.396468
0.756765
1.022234
0.031392
0.094741
-1.012062
-1.001347
-0.460705
-0.684527
-0.401237
-0.697980
-0.719171
-0.222992
0.090235
0.564873
1.100188
0.965959
0.731916
0.287318
0.668756
0.540622
0.527365
1.320317
-0.150176
0.334266
-1.051180
-0.738595
-0.850665
-1.232316
-0.493291
-1.117551
-0.189730
-0.920954
-0.902778
0.303513
1.256227
1.256963
1.346687
1.275513
1.841943
1.637779
0.651434
0.659540
-0.132545
-0.076470
0.087192
-0.383814
-1.316968
-0.324816
-0.497580
-0.363388
-0.650728
-0.102046
-0.052532
0.275434
0.277702
0.403481
0.126275
0.889859
0.675855
0.585934
0.629456
0.794728
-0.376178
0.090645
-0.469266
-1.453037
-2.031614
-0.503939
-1.219527
-0.619951
-0.671089
-0.863471
0.101252
0.409329
0.388912
1.084598
0.999168
1.320992
0.421714
1.488466
-0.062105
0.343376
0.614770
-0.229973
-0.076065
-0.304456
-1.125766
-0.559903
-0.866761
-0.929434
-0.344495
-0.678089
-0.816396
0.304106
0.677748
0.192309
1.536737
0.391373
0.568633
1.219230
-0.274416
-0.076284
0.116367
0.588849
0.384796
-1.003584
-1.145928
-0.761027
-0.517833
0.333744
-0.640421
-0.183862
-0.522140
-0.494388
0.375185
0.719979
0.406650
1.537731
1.709975
1.152448
1.498705
0.321831
-0.362503
-0.644546
-0.105657
-0.760763
-0.586055
-0.410732
-0.729387
-0.648614
-1.657534
-0.850380
-0.420977
0.772595
0.403448
-0.198945
1.630923
1.198689
1.007878
0.709463
1.414452
0.165629
1.404856
-0.090919
-0.794726
-1.264333
-0.965521
-0.926815
-1.190684
-1.307029
-0.525221
-0.974293
-0.170885
-0.132792
0.626287
-0.191637
1.289035
0.435841
0.574401
1.457341
1.671611
0.377250
0.414868
-0.598858
-1.114260
-0.000610
-0.434447
-0.968347
-1.258789
-1.572173
-1.087549
0.159662
-0.428928
0.284786
0.356228
-0.080043
-0.046599
1.476466
1.111345
2.374667
0.734135
0.913338
0.382472
-0.323987
-0.717257
-1.090824
-0.302787
-1.230154
-1.484578
-1.038477
-1.147484
-0.644521
-1.242947
-0.598003
0.339452
0.201311
0.486647
1.875289
1.641123
0.839366
0.206973
0.116682
1.416078
-0.065450
-0.174953
-0.573245
-0.243843
-1.335932
-1.369909
-1.845232
-1.572716
-0.453050
-0.352903
0.384729
0.052491
0.816041
1.183664
1.914408
0.956819
0.859004
0.853132
0.624889
0.223569
0.937513
0.310293
-0.847222
-0.395212
-0.329065
-1.466672
-1.487321
-0.981722
-0.472762
-0.249263
-0.051869
0.407196
0.110990
0.369386
1.124491
0.900771
0.743205
-0.047490
0.692753
0.499223
-0.696345
-0.409537
-0.600799
-0.403597
-1.321306
-1.320263
-1.358673
-1.699288
-0.555487
-0.152789
-0.401831
-0.168112
-0.002177
0.710118
1.483879
-0.414064
-0.182451
1.328371
0.228553
0.276970
0.589117
0.452622
-0.572656
-0.480298
-0.856715
-0.763354
-1.135899
-1.562266
-0.303446
0.003709
-0.201374
0.024585
-0.139324
0.540595
0.651832
0.811524
1.775320
0.985745
0.386284
0.457902
0.146306
0.272953
-0.154651
-0.311652
-0.869122
-0.817641
-0.420210
-0.764604
-1.367913
-0.223579
-0.470828
0.271458
0.346686
0.463088
1.517570
0.808168
0.950936
0.845264
-0.127096
0.892983
-0.073652
0.091519
-0.452047
-0.244453
-1.321843
-1.859487
-1.208106
-1.128580
-1.195082
0.261362
0.469098
0.720850
-0.320595
-0.058268
1.729829
1.040584
1.212859
0.637610
-0.269553
0.281045
-0.132962
1.031894
-1.165152
-1.000692
-1.434295
-0.008311
-0.597644
-1.417698
-0.426981
-0.953383
-0.159597
1.827991
0.756890
0.270543
1.068928
0.663483
0.440073
0.344258
0.645951
0.696489
-0.036188
-0.955526
-0.968476
0.077307
-1.279025
-1.227442
-0.323172
-1.473181
-0.235171
-0.527499
-0.362315
0.791193
0.658136
0.974087
1.119288
1.108314
0.523440
0.229745
0.849643
0.037156
0.837826
-0.457180
-0.397306
0.129726
-0.974229
-0.821772
-1.047152
-0.043429
-0.459931
0.273180
-0.179294
-0.497321
0.572557
1.410327
1.328678
0.887881
0.949568
0.343330
0.939286
-0.096838
0.166099
-0.875372
-0.543521
-0.019158
-0.890537
-0.795661
-1.087005
-1.439068
0.056391
0.436610
0.173429
0.501019
0.750960
0.112797
1.017492
1.363861
0.335060
1.358293
0.152862
0.257965
-0.433494
-0.473085
-0.106076
-1.261070
-0.737523
-1.099514
-0.843828
-1.018521
0.020486
0.452391
0.031106
-0.656064
0.618938
1.496531
1.029932
0.818432
0.900500
-0.691270
0.477598
0.076705
-0.194942
-0.340587
-1.280576
-1.601778
-0.654695
-1.346937
-1.194737
-0.454733
-0.747207
0.041352
0.117775
0.155653
0.530514
0.314272
1.261186
1.508219
1.298635
0.995927
0.237686
-0.518442
-0.256310
0.312714
-0.278101
-1.025454
-1.435699
-1.524350
-1.403243
-0.936095
-0.782865
-0.714434
-0.552286
0.274295
0.693766
0.719475
0.029004
0.176478
1.157126
0.626178
0.027385
1.508162
0.548801
0.004943
-0.596130
-0.880225
0.098355
-1.464250
-0.534530
-0.546781
-0.283364
-0.352432
0.901690
0.855486
-0.175258
0.967326
1.241409
0.913053
1.045417
1.461126
0.699892
1.159114
-0.452413
-0.539429
-0.719612
-0.572556
-0.744598
-0.530655
-0.649325
-0.647403
-0.237888
0.361222
0.406303
-0.507411
0.149425
-0.154763
1.893808
0.831699
0.909239
-0.078746
0.201124
0.782666
-0.538452
0.565394
-1.330865
-1.429251
-0.736089
-1.760801
-2.187004
-0.559201
-1.187389
-0.561137
-0.242768
0.928463
0.664306
0.837307
1.042543
-0.026516
0.644661
0.841470
0.398652
-0.042089
0.057347
-1.571832
-1.636704
-0.925536
-1.839543
-1.308099
-1.201470
-0.980958
-0.447735
-0.273622
0.401427
0.228566
1.131071
1.218008
1.059266
1.968870
0.901659
1.056045
0.645525
0.968084
-0.649061
-0.758674
-0.744019
-0.875226
-1.044201
-1.246361
-1.377867
-1.572709
-1.398855
0.081090
-1.046495
0.462514
0.621820
1.040203
0.414613
1.120032
0.954662
1.220682
0.285322
1.239339
0.535106
-0.215570
-0.573604
-1.282354
-0.647060
-0.727096
-0.525149
-0.817974
-0.133980
-0.613170
-0.780990
-0.200491
1.327371
1.132024
0.326824
0.876666
1.119965
0.674794
1.374771
0.284050
-0.159512
-0.588298
-0.807345
-0.866782
-1.972984
-0.567227
-1.034806
0.013159
-0.021060
-0.890714
0.280978
-0.226649
0.068664
0.629031
0.218109
0.429751
1.025288
0.160654
-0.205718
1.017839
0.519623
0.258086
-0.323900
-0.844388
-0.290814
-0.164905
-1.209613
0.206203
-1.420688
-1.106389
-0.292421
0.047900
0.842963
1.167074
0.595965
1.475560
1.300045
0.082112
0.880533
0.847636
-0.509131
-0.585681
-0.088430
0.288881
-1.124540
-1.162102
-0.686368
-0.937770
-1.017958
-0.933504
-0.829586
1.246468
0.794025
0.966555
1.119763
0.602171
1.218362
1.404985
-0.226385
0.490371
0.082679
-0.158428
-0.593146
-0.610781
-1.503388
-0.750267
-0.853798
-0.987457
-0.343512
-0.574482
-0.236963
0.535650
0.370403
0.033820
0.149105
0.606588
1.884994
1.957629
0.554359
-0.468592
0.002511
0.035968
0.698880
0.053857
-1.151448
-1.598931
-1.197615
-1.375293
0.076866
-0.520824
-0.089207
-0.128324
0.917588
0.347536
1.314211
0.501185
1.090387
0.566973
0.957296
-0.056000
-0.361638
-0.810653
-0.652440
-1.058636
-1.228373
-0.533243
-0.304347
-0.984572
0.368588
0.114753
0.864962
-0.194331
0.335642
1.277044
1.284937
1.674053
1.121784
0.990650
0.428180
0.034603
0.322419
-0.215365
-0.605888
-0.558309
-1.327061
-1.503758
-0.620213
-0.666527
-1.467172
-0.681840
-1.000539
0.651420
0.821036
0.885502
1.193294
0.666265
0.713381
0.833630
1.123404
0.583609
-0.027381
0.251872
-0.610924
-1.105115
-0.497337
-0.842382
-1.500904
-1.355518
-0.953619
0.142954
0.301154
0.336793
0.498412
0.905426
1.626276
1.376535
0.682853
0.716954
0.855331
0.119771
0.562654
-0.133153
0.129531
-0.928338
-1.152820
-0.000571
-1.738511
-1.184172
-0.169953
0.340362
-0.585987
0.717755
0.990240
1.473901
1.337499
1.178580
0.547286
1.460827
0.957076
-0.154278
0.321875
-0.678545
-1.249402
-1.027313
-0.925938
-0.408317
-1.061166
-0.747991
-0.413415
-0.893043
-0.147677
0.142629
0.226799
0.212513
0.397472
0.831119
0.625312
1.538992
0.229975
0.322058
-0.186743
0.484567
0.134174
-1.089319
-0.590468
-1.322247
-0.492826
0.272654
-0.764425
-0.700054
-0.604055
0.879690
0.872622
1.230832
0.834440
0.549000
0.656623
0.499551
0.144942
0.315715
-0.141266
0.241765
-0.834770
-0.407769
-1.455040
-0.038970
-0.866992
-0.822110
-0.790113
-0.577442
-0.242867
0.132231
1.233367
1.076651
0.955194
0.496652
0.102427
1.717126
0.515166
0.239203
-0.565926
-0.002707
-1.040854
-0.366799
-2.131099
-0.789556
-0.859329
-0.558613
-0.752878
-1.515795
-0.481421
1.666541
1.077024
0.409300
1.193050
1.232619
-0.282604
0.649239
-0.426789
0.890030
0.474560
0.433809
0.434228
-0.769004
-1.214924
-0.851975
-0.841064
-0.892237
-0.678224
-0.819337
0.022859
-0.366109
0.719830
1.118384
1.286147
1.449615
1.215583
1.249243
0.581314
0.117385
0.697904
-1.231357
-1.142247
-1.207382
-0.657724
-1.684903
-0.973158
-0.558127
-0.755011
0.028813
0.318309
1.502360
-0.116795
0.541223
1.440868
0.924705
0.823299
0.456086
1.171394
0.695261
0.436781
-0.209197
-1.482049
0.254760
-1.350177
-0.720618
-0.154358
-0.734011
-0.645408
0.047751
-0.171344
-0.052178
-0.524160
0.704551
1.027530
1.756200
1.298149
1.329423
0.480113
1.005784
0.461843
-0.482353
-0.540389
-1.536340
-1.382774
-0.821096
-1.356902
-0.910443
0.027394
-0.656643
-0.056663
-0.229093
0.955051
1.086337
0.199936
0.568902
0.673608
-0.515048
-0.046331
-0.084617
0.275502
-0.423250
-1.156209
-0.938959
-0.579496
-1.065833
-1.610383
0.694547
-0.464407
0.449492
1.346329
0.931277
0.531328
-0.215756
0.183345
0.766103
1.025611
1.719697
1.786887
0.737974
-0.626558
-0.407240
0.529176
-0.797545
-0.983132
-1.492640
-0.779859
-1.080843
-0.370187
0.259358
0.882863
0.300643
1.818220
1.713003
0.527847
1.833610
1.194722
0.349784
1.223055
0.783619
0.295423
-0.256277
-1.125195
0.394913
-0.303964
-0.149274
-0.705628
-1.012888
0.007711
-0.999078
0.229222
-0.052338
0.603037
1.142175
1.417421
0.824057
0.802706
-0.448557
-0.149251
1.343976
0.178192
-0.031333
-1.222580
-1.012378
-1.961265
-1.801054
-1.721055
-1.764262
-1.286444
-0.934501
-0.397288
0.922035
1.587492
0.413030
1.097337
0.917331
0.361189
0.296109
-0.353506
0.747191
-0.015495
0.228724
-0.962914
-1.012922
-0.685037
-1.009563
-0.231486
-1.244093
0.156088
-0.475449
-0.072670
0.083342
0.317412
1.650100
0.550167
1.641976
0.880867
0.774650
0.661335
0.272092
-0.663819
-0.808601
-0.370273
-0.949318
-0.859218
-0.662004
-0.876896
-1.026383
-0.629466
0.371884
0.337241
0.710613
1.040285
1.287024
0.566704
2.245662
0.874122
0.829747
-0.164660
0.851523
0.286025
-0.213052
-0.278622
-0.376134
-0.771795
-2.264602
-1.004870
-0.892004
-0.370100
-0.459388
0.072297
0.357315
0.500435
1.146569
0.993527
1.438753
0.653711
1.603841
0.161487
0.164729
-0.741970
-0.632429
0.044792
-0.572404
-1.428984
-0.746978
-1.311154
-1.864165
-0.858479
0.685579
0.107706
-0.681936
0.943652
1.789454
0.930226
0.924964
1.254179
0.393037
0.742539
1.586669
-0.439829
-0.271590
-0.378688
-0.585303
-0.512088
-1.103915
-1.325004
-0.840621
-1.556301
-0.418511
1.115931
0.026846
0.773231
1.067841
1.155051
1.039390
0.626985
0.992099
0.715396
0.396453
0.311628
-0.394085
-1.184010
-1.194160
-0.594471
-0.474780
-1.268899
-1.484047
-1.104289
0.206595
0.468547
0.710581
1.084307
0.794466
1.031712
1.367047
1.421894
2.110874
0.096187
0.366369
0.224503
-0.899586
-1.345142
-0.725834
-1.311163
-1.000038
-1.438008
-0.858801
-0.536065
-1.441792
0.387378
-0.720326
0.718179
0.820113
1.069456
1.778619
0.163966
0.457935
0.198290
1.101391
0.672408
0.052558
-1.383441
-1.044304
-0.682490
-0.819791
-1.282902
-0.038334
-0.882596
-0.111042
1.022250
1.195385
0.487530
1.195179
1.811059
0.513947
1.443855
1.763444
1.103616
0.941930
0.000732
-0.965709
-0.959078
-0.016736
-0.914197
-0.576764
-1.469979
-1.716393
-1.636326
-0.166258
-1.089503
1.036633
1.170589
0.962993
1.474600
0.946546
0.033196
0.745952
0.248761
0.941537
0.174072
-0.102272
-0.775042
-1.256143
-0.810880
-1.219128
-0.254783
-0.992706
-0.985499
-0.418216
0.540999
0.025518
0.540036
0.070029
1.012110
0.808442
0.726582
0.881294
0.601316
0.307749
1.503675
0.214348
0.257081
0.024247
-1.094807
-1.243503
-1.785647
-1.296649
-0.730684
-0.355112
0.162639
0.385910
-0.008907
0.643845
1.820204
0.848618
0.489329
0.681234
0.756182
0.114434
-0.214573
-0.481704
0.009594
-0.386638
-1.328432
-1.375276
-1.826601
-0.241911
-0.641867
-0.430857
0.090104
-0.345122
0.124131
0.901387
0.789344
-0.034822
0.562602
0.942151
1.126591
0.353529
0.072989
-0.550587
-0.482158
-0.536165
-1.405381
-0.470153
-1.787240
-0.832078
-0.704218
0.519963
-0.157552
1.935422
0.450193
0.448230
2.124021
0.990688
0.822031
0.882387
0.083103
-0.426266
-0.324602
-0.273743
-0.012277
-0.198283
-0.708123
-0.395783
0.371386
-0.480420
-0.101717
-0.460712
0.604739
-0.259193
0.421058
0.376030
0.669480
2.004712
0.847850
0.594146
1.109649
0.149988
0.162017
-0.030047
-1.025088
-0.987749
0.019008
-0.930706
-0.492731
-0.164520
-0.296200
-0.245524
0.647977
-0.327190
1.198203
-0.255054
0.312301
0.783828
0.907872
-0.015325
0.980389
0.270455
-0.554189
-0.911332
-1.073589
-1.231847
-1.015040
-1.027343
-1.247322
-0.851816
-0.915248
-0.219696
0.782832
0.744312
0.380931
0.882567
0.870342
0.784045
0.792535
1.370856
0.311963
0.405209
0.311451
-0.831234
-1.349171
-0.419767
-0.756050
-1.269797
-0.379947
-0.648931
-0.793650
-0.531897
-0.253581
-0.243656
1.967601
-0.338971
1.089057
1.002856
0.303723
0.735405
0.784766
0.827481
0.056970
-0.015329
0.296886
-0.864001
-1.240356
-1.721597
-0.522252
-1.066052
0.130482
-0.272571
-0.067885
0.024696
0.327661
0.172062
1.253727
0.788097
1.273643
-0.043754
0.761565
-0.152125
-0.789033
-0.427547
-0.277255
-0.288603
-0.329257
-1.190820
-1.434776
0.720329
-0.864837
-0.664220
0.239243
-0.232353
0.251884
0.040007
0.850537
0.433141
1.146800
0.903940
0.225927
0.115871
-0.287462
-0.224080
-0.917586
-0.672549
-1.377830
-0.704887
-1.034194
-1.839035
-0.491819
0.166303
0.635818
0.424304
1.331131
1.156704
2.009264
1.133605
1.192058
1.028065
0.867956
0.726853
0.535360
-0.804126
-1.237613
-0.138047
-0.465661
-1.424898
-0.975750
0.119607
-1.168239
-0.143769
-0.695176
0.396009
0.742326
0.717595
1.424498
0.931637
1.547178
1.359731
0.449413
0.439867
0.105761
0.176702
0.037295
-0.410186
-0.937107
-1.445203
-1.595783
-0.256478
0.415065
-0.172827
-0.034274
0.779296
-0.255422
0.678940
-0.051628
1.214879
0.965744
0.974093
0.373170
-0.626488
0.499084
-0.637047
-0.497555
-0.331501
-0.663329
-1.414740
-1.081289
-0.917285
-0.090137
0.336814
-0.532711
-0.200702
0.653478
0.808415
1.052154
0.473741
0.278441
0.769377
1.208599
0.626853
-0.059392
-0.501298
-1.150946
-0.357100
-0.521648
-1.083116
-0.756346
-0.672032
-0.122034
0.515178
-0.883272
0.154800
0.547344
0.168221
0.805334
1.408124
0.570781
-0.245594
0.076133
0.453322
-0.382502
0.166621
-0.867773
-0.692880
-1.250350
-0.682934
-1.773844
0.014830
-0.697519
-0.378236
-0.715441
0.308200
0.552513
0.204144
1.250367
2.009735
1.548499
0.777436
0.867657
0.416518
0.211019
-1.344832
-1.042608
-0.951655
-0.632882
-0.816883
-1.002275
-1.892636
-1.302921
0.362780
0.069024
0.317767
0.418538
2.266689
0.607589
0.928818
1.220437
1.473129
0.522265
0.794083
0.499286
-0.177592
-1.246953
-0.405782
-0.898884
-0.221649
-1.371949
-0.810759
-0.840317
-1.231578
-0.526264
-0.672401
1.436219
0.930339
1.252405
1.103386
1.512685
1.568895
0.384713
-0.174066
0.554409
0.817624
-0.697727
-1.189559
-0.783816
-1.472056
-1.340990
-0.469793
-0.697768
-0.044693
-0.251904
0.602726
0.759810
1.068794
1.539655
1.437608
0.179032
1.723439
-0.034883
-0.574991
0.479582
-0.700354
-1.537475
-0.830658
-0.029313
-0.551123
-0.603558
-1.344276
-0.991745
0.153282
0.664623
0.867080
0.866647
0.297819
0.858349
1.617320
1.659052
1.011231
0.644783
0.484723
-0.234245
0.124027
-0.469967
-0.568028
-1.020446
-0.834853
-1.255930
0.003390
-0.722168
0.050709
-0.971690
0.813213
0.409612
1.125697
0.743081
1.347792
0.689582
0.598914
0.109377
-0.438628
0.218073
0.250812
-0.503628
-1.134107
-1.521155
-1.485606
-0.055021
-0.754802
-1.125473
-0.866289
-0.369510
0.203838
1.609307
0.834515
0.330195
0.639588
0.460346
1.489779
1.605535
1.090904
-0.167751
0.304873
-0.605348
-0.869613
-1.490710
-1.119375
-1.337519
-0.920730
-0.902324
-0.472493
-0.787717
0.579786
-0.048125
0.982429
0.643432
0.580908
0.026986
0.660456
1.049428
1.152378
0.273644
-0.941203
-0.692581
-0.254118
-0.695228
-1.307742
-0.832936
-0.354540
-0.776852
-0.680258
-0.400037
0.570325
0.838018
0.568332
0.196482
1.056832
0.818821
0.851431
1.300483
0.462114
-0.414783
0.764471
-0.923048
-1.054234
-0.673928
-1.683348
-0.880895
-0.828791
0.443575
0.316810
0.197861
-0.234518
0.848097
0.630717
0.687929
0.070248
-0.194234
0.982553
0.812941
0.120008
0.317442
-0.150652
-1.281063
-1.423259
-0.362415
-0.770926
-1.110115
-1.331958
-0.458431
-0.186232
-0.926057
0.780521
0.618339
0.976225
0.290594
1.823617
1.369029
0.396015
0.485741
0.000947
0.208135
0.094575
-0.403508
-0.572439
-0.683143
-1.540268
-0.594632
-1.244894
-0.280104
-0.856193
0.549955
0.519105
0.984024
0.471495
1.343421
0.623721
0.764504
0.673673
0.843407
0.948887
-0.117070
-0.412306
-0.433611
-1.145396
-0.223559
-0.472731
-0.479874
-1.040908
-1.379897
-0.741334
0.212810
-0.009872
0.743227
0.471663
1.051938
0.906715
1.147945
-0.024297
1.246434
0.209798
0.192209
0.620571
-0.582316
-0.235857
-1.115001
-0.486944
-0.718426
-0.804677
-0.729934
-0.032100
-0.468478
-0.148444
1.078030
1.138067
1.234829
0.805365
0.956400
0.077609
-0.064679
0.516265
-0.536552
-0.240660
-1.366873
-1.032240
-1.420407
-0.721836
-0.946357
-0.672844
-1.160803
-0.903174
-0.628899
0.844432
0.889273
0.902938
0.556613
0.462141
1.446708
1.057397
0.038826
1.133307
-0.882032
-0.146272
-0.250347
-0.732314
-1.433458
-0.873341
-1.056976
-0.708035
-0.745300
-0.052158
-0.250754
-0.340632
1.042593
1.297373
1.370628
0.198854
1.171972
0.266328
1.034338
0.781900
0.507133
0.599851
-1.301170
-0.615527
-0.162019
-0.984079
-0.937407
-1.159588
-0.033186
-0.176087
0.605898
-0.207149
0.172385
0.830080
1.047931
0.525602
1.135844
0.669939
1.223712
0.336699
0.131623
-0.756473
-1.425293
-1.971317
0.053552
-0.702255
-0.208181
-0.882416
-1.368682
-0.878027
-0.590942
-0.893193
0.930508
0.333273
1.099590
1.072525
0.617230
1.443517
0.743521
-0.456529
-0.043642
-0.160734
-0.838766
-0.641598
-0.314435
-0.778197
-0.399298
0.151621
0.243736
-0.133355
0.815288
-0.459099
0.607430
1.124351
1.121259
0.864099
-0.102311
0.827273
-0.037124
-0.000175
0.415595
-0.734029
-0.166248
-1.193138
0.022152
-0.476074
-1.508206
-0.438586
0.547029
-1.633441
-0.243614
-0.331205
0.756719
1.248596
1.048709
1.003704
1.117004
0.277053
0.081822
0.697244
-0.270042
0.445073
-0.080429
-1.288652
-0.765810
-0.636970
-0.853863
-1.103293
-0.067773
1.245296
0.035350
0.569848
1.396305
0.580639
0.526006
1.078357
-0.134503
0.384084
0.135458
0.817936
-0.256468
-0.760467
-0.844268
-1.087021
-0.336838
-1.179878
-1.440397
-0.447272
-0.387974
0.074573
-0.299732
-0.374071
0.724406
0.781552
0.924744
0.763694
1.128328
0.856031
0.496526
0.129768
-1.214805
0.305347
-0.207115
-0.838532
0.205212
-0.390305
-1.218148
-1.604344
-1.127127
-0.885990
0.262403
0.350611
1.321957
0.213416
1.100998
1.101697
0.746851
0.182166
1.105259
1.324082
0.442189
0.026557
-1.191994
-0.504342
-0.200785
-0.562015
-0.876378
-0.953256
-0.295519
-0.816900
-0.696080
-0.537544
0.440150
0.386770
1.552425
0.915548
1.367111
-0.305796
0.274549
-0.168709
0.400802
-0.062281
0.856731
0.183304
-0.214433
-1.205727
-2.307784
-0.514179
-0.620934
-0.451592
0.846741
-1.217421
0.336357
-0.227540
0.314513
1.203377
1.451883
0.659956
0.170438
1.133681
0.233246
0.156248
-0.032792
-0.138545
0.335410
-0.623835
-0.597069
-0.624451
-0.289410
-0.319015
0.004298
0.431397
-0.550041
1.413857
1.301051
1.156799
1.362091
0.536075
0.104380
0.610370
0.576907
-0.021177
-0.736625
-1.572048
-0.489624
-0.705510
-0.269305
-0.544293
-0.778241
-0.069465
0.115490
-0.402093
0.390830
0.494763
0.695166
0.864711
0.484002
0.931421
0.753230
0.097759
-0.206146
0.622060
0.115452
-1.349688
-0.647875
-1.238795
-1.140766
-1.183552
-1.330328
0.286237
-0.965157
0.247560
0.700664
-0.020289
1.373236
1.097673
0.860454
0.551426
0.439894
0.630939
-0.941270
-0.078313
-1.303793
-0.862505
-0.394025
-0.480871
-1.396486
-0.655556
-1.226855
-0.344493
0.635627
-0.622784
1.459262
1.172375
0.287415
1.890017
1.275992
1.260231
0.739607
0.286940
0.581981
-0.882420
-1.441562
-0.907762
-0.973994
-1.500519
-0.837616
-0.459761
-0.105065
0.348029
-0.082831
0.075785
0.517367
0.601770
0.908411
1.509021
0.906779
0.807671
-0.124216
-0.150966
0.979095
-0.535364
-1.711160
-0.931408
-1.562729
-1.368329
-0.722992
-0.107430
0.004416
-1.158048
0.877806
-0.521944
1.448161
0.363288
0.824736
2.343484
1.262916
1.747784
0.722578
1.531958
0.122565
-0.479702
-1.655084
-0.143112
-0.700917
-1.123982
-0.100271
0.053248
-1.082983
-0.456931
-0.654875
0.782403
0.450867
0.984019
0.725557
1.465080
1.073393
0.998939
1.249936
0.228844
-1.133141
0.156217
-0.353389
-0.549373
-0.682845
-0.586299
-0.341272
-0.755092
-0.932376
0.334469
-0.219070
-0.142778
1.034424
1.303649
0.704180
1.554256
1.108045
1.758234
0.592759
0.296934
0.037494
0.799266
-0.827715
-0.925515
-0.789224
-0.751844
-1.497457
-1.073321
-1.394676
-0.703027
-0.076638
0.026170
-0.509720
0.689557
0.364277
0.487807
0.963212
0.696625
0.536331
0.387274
0.086408
-0.599589
-0.045228
0.190802
-1.599241
-1.611373
-1.043839
-1.887668
-0.872504
-1.446547
-0.466871
-0.347184
0.720783
0.617615
1.123455
1.398467
1.416965
0.218791
1.175360
0.191797
0.650120
0.233560
-0.813908
0.106754
-0.374894
-0.855595
-1.164189
-0.648996
0.233428
-0.703686
-0.462512
0.483448
0.808655
1.206186
1.234729
0.490051
2.032650
1.178341
0.787235
0.569702
0.279987
0.122589
-0.288380
-1.035548
-1.356459
-1.750752
-1.445530
-1.166143
0.202480
0.166853
0.335667
0.988432
1.025188
0.605990
0.384421
1.315107
1.751968
-0.026607
0.077301
-0.552841
-0.423414
-0.859950
0.247190
-1.164060
-1.436396
-0.655378
-0.379390
-1.439655
-0.953714
-0.637282
-0.201589
0.252373
0.487703
0.765737
1.054361
1.035833
0.957552
1.197214
0.314664
0.412753
0.039566
-1.241134
-0.436840
-1.126616
-0.871195
-1.258613
-0.421927
-1.272683
-1.093932
-0.611145
-0.216730
0.581744
0.454273
-0.143768
1.543898
0.823165
0.956187
0.556325
0.783544
0.171126
-0.369650
-0.577212
0.616757
-0.859035
-1.167753
-1.315263
-0.736766
-0.974749
-0.283089
-0.159606
-0.085473
-0.150585
1.018934
1.177642
0.803597
0.425809
1.814815
1.468141
1.124674
0.251955
0.668661
0.293240
-0.460171
-0.796110
-1.219041
-1.249691
-1.616915
0.065023
-0.198844
-0.149828
-0.856907
0.929995
0.513196
0.979279
1.504459
1.375802
1.699945
0.038683
-0.631636
-0.072516
0.127396
-0.839466
-0.801285
-0.952456
-0.596902
-1.250790
-1.086439
-0.731368
-0.364626
-0.743481
-0.284317
-0.176880
-0.143007
1.056726
0.908403
1.278875
1.045742
1.686219
0.272194
0.190209
0.734206
0.220348
-1.771252
-0.345070
-0.160756
-0.914514
-1.083367
-0.642596
-1.156553
-0.053465
-0.660818
0.209394
0.951298
1.042313
-0.221419
0.926225
0.641731
0.592865
0.486012
-0.044157
-0.174950
-0.602170
-0.798132
-0.410040
-0.971869
-1.307483
-1.105404
-0.489449
-0.254336
0.028614
0.303397
0.098306
1.117160
-0.361399
0.764068
1.090018
1.462634
0.721939
0.538771
0.546936
0.800065
-0.634694
-0.624711
-0.619108
-0.689814
-0.888318
-0.604431
-1.426924
-0.673696
-0.559346
0.476088
0.401886
-0.053009
1.072781
1.004157
1.254845
0.629495
0.330182
0.928800
0.332422
-0.180588
-0.913595
-1.046304
-0.319403
-0.940418
-1.144046
-1.538847
-0.442213
-1.204673
-0.213610
-0.329017
0.305325
0.282690
0.037116
0.475610
0.461144
2.238774
1.257341
0.176290
1.076686
0.901225
-0.554935
-0.976408
-2.072673
-1.099911
-1.288220
-0.112495
-1.215367
-0.128390
-1.159452
-0.230543
0.088067
0.707190
0.769206
0.045265
0.775620
1.027557
0.051752
0.049173
0.833239
0.258172
0.232473
-0.923059
-1.836024
-1.078524
-1.169717
-0.785219
-0.293671
-0.225484
0.306597
0.056722
0.324799
0.879973
1.266407
0.803308
1.420849
0.591878
0.633525
0.750664
0.352704
-1.226401
0.440339
-0.160362
-0.447711
-0.961360
-0.950549
-1.484356
-0.681581
-0.330684
-0.051349
-0.358600
0.292025
0.644149
0.753582
-0.070654
1.299759
1.145104
1.051399
0.340693
0.692348
-0.189043
-0.796045
-1.054868
-0.173736
-1.267924
-1.383302
-0.543183
-1.421894
-0.719069
-0.447790
-0.402263
0.791194
0.676190
1.193806
0.533839
0.813326
1.390821
0.073058
0.452372
0.292447
0.265907
-0.133080
-1.160146
-1.715157
-0.761248
-1.222047
-0.877225
-0.268546
-0.616070
-0.222029
0.591894
0.772517
0.914419
0.395668
0.874572
0.728635
1.158098
1.184033
-0.071764
0.170800
0.121758
-0.158495
-0.553624
-1.671401
-1.102379
-0.620980
0.030318
-0.434047
-1.366140
-0.109225
0.513867
0.584358
0.113067
0.542124
1.128739
1.658911
0.912008
0.802911
1.159033
0.881768
0.179970
-0.885997
-0.847755
-0.495318
-0.472894
-0.731246
-1.170357
-0.686321
-1.270011
0.101940
-0.288030
1.190123
0.373717
0.630866
0.728360
2.001313
1.193602
0.038077
-0.060781
0.854831
0.131983
0.024044
-1.176168
-1.151917
-0.783750
-1.878350
-0.946560
-0.585049
-1.079784
-0.477096
0.579179
1.036163
0.064525
1.000310
1.023858
0.450179
1.418341
0.547351
0.897027
-0.312412
-0.010777
0.035533
-0.345395
-1.057960
-0.681191
-1.372313
-1.510058
-0.651650
-0.218965
-0.098560
-0.483617
0.607127
0.663920
0.823503
0.806677
0.870674
1.453537
0.539641
0.209383
0.395255
0.253091
-0.399486
0.209906
-0.353581
-0.361677
-0.425435
-1.077951
-2.193711
0.040954
-0.564558
0.977998
0.452193
0.028534
0.151925
0.674547
0.928506
1.205720
0.344923
1.292132
0.763528
-0.195822
-1.352521
-0.623785
-0.677169
-0.544815
-1.262453
-1.344168
-0.463349
-0.137880
-0.536646
0.231821
0.243736
0.635897
0.835351
0.497030
0.524231
1.020890
1.004860
-0.031944
0.617919
-0.427373
0.275683
-0.701896
-1.094836
-0.482150
-1.102743
-0.933824
-1.742962
-1.327215
-0.087929
-0.391588
0.427360
0.803712
-0.108223
1.312299
1.294949
0.711601
1.212252
0.001062
0.959629
-0.101915
-1.263509
-1.290615
-1.117088
-0.766393
-1.594768
-1.131692
-0.413469
-0.894306
-0.722081
0.583549
0.049938
0.685483
0.942342
1.097451
0.799645
0.712057
0.325663
1.408727
0.262747
-0.590332
0.265587
-0.290141
-1.322287
-1.761829
-0.790945
-0.808042
-0.701298
-1.668141
-0.033884
0.236979
0.900145
0.724092
0.378358
0.511145
0.289352
1.748646
0.594885
0.186369
-0.480758
0.628496
0.124787
-0.921018
-0.331180
-1.244891
-1.280115
-1.148252
-1.462663
-1.028748
-0.312284
-0.185215
0.178679
0.802218
1.165139
1.155445
0.548909
1.373128
1.102581
0.709088
1.402565
1.276035
0.407219
-1.153265
-0.555631
-0.479815
-0.558569
-0.999938
0.443402
-1.014887
-0.433853
-0.535076
-0.033275
0.403709
0.608800
1.442741
0.970118
0.994775
0.809711
1.313327
0.876631
-0.538024
-0.041588
-0.189254
-1.049632
-1.511326
-1.052023
-1.055898
-0.839630
-0.636145
-0.518100
-0.849153
-0.122643
0.370433
0.463931
0.190865
0.879690
2.255661
1.010060
0.163425
0.122660
0.392490
-0.058094
-0.169803
0.199230
-1.568137
-0.929054
-1.237828
-0.961070
-0.901046
-0.624069
-0.269862
-0.834032
0.357961
0.277932
1.007661
1.090466
1.201725
0.821794
0.373328
0.265950
-0.276435
-0.021776
-0.009752
-1.188555
-1.001070
-1.261489
-1.065527
-0.961590
0.238728
0.174029
-0.408642
0.937358
0.865801
0.326641
1.487700
0.100845
1.064142
1.695037
-0.078979
-0.082185
-0.597859
-0.175250
-1.436578
-0.853590
-1.698250
-0.997842
-0.958067
-0.649375
-0.514153
-1.014716
0.258109
0.743685
0.591373
1.657104
0.381975
1.825435
1.001259
0.183509
0.551949
-0.019956
0.066436
0.376753
-0.690011
-1.965743
-0.654327
-1.200925
-0.816463
-0.812700
-0.228935
0.091457
-0.129275
0.335874
0.632169
0.816665
1.412083
1.312631
0.692766
0.757587
0.606612
0.016160
0.376136
-0.916157
-0.599960
-1.244182
-0.884192
-1.094365
-1.552442
-0.761739
-0.888918
-0.229419
0.409166
0.831727
0.605727
0.873394
1.118281
1.095451
1.705954
0.846518
1.463106
0.274749
-0.157350
-1.020096
-0.275918
-0.849904
-0.677894
-1.409693
-0.147296
-0.387242
-0.393964
-0.503694
0.207653
0.222249
1.218280
0.198804
0.924042
1.707744
1.996503
0.888069
0.815589
0.419772
-0.632365
-0.675294
-0.555358
-1.078793
-0.943682
-0.669796
-0.520502
-1.470425
-0.819425
-0.446046
0.673661
0.491333
0.085223
0.511186
0.585242
0.803189
1.419701
0.889055
0.335443
0.629233
0.319521
-1.498609
-0.701559
0.312519
-0.755026
-1.410647
-1.116011
-0.277914
-0.766556
-0.010807
-0.061850
0.301454
0.437490
0.632988
0.901469
1.378762
1.451826
0.442721
0.537047
0.099018
-0.430377
0.465133
-0.505533
-0.853488
0.061446
-0.858687
-0.958280
-0.910759
-0.713721
-0.842186
0.126606
1.231540
-0.636262
1.341669
1.366706
1.657676
1.147255
0.918418
1.038309
-0.083981
-1.516362
-0.239800
-0.830382
-0.217293
-1.826127
-1.600276
-0.966190
-0.655550
-0.173902
-0.078673
0.452493
0.336183
0.575784
1.215317
0.801912
0.081912
1.925067
1.281235
0.722259
0.126013
0.126421
0.194107
-0.023425
-0.270659
-1.428343
-0.691557
-1.205520
-1.140486
-1.504694
0.005580
0.634356
-0.783257
0.006604
1.769871
0.716674
1.632480
0.647628
1.400893
0.298060
0.589329
-0.542217
-0.867166
-0.152992
-0.892015
-0.867221
-0.723029
0.018399
-1.233157
-1.299224
-0.657933
0.662626
-0.238350
0.639741
1.285609
2.090888
1.172561
0.640908
0.956270
0.688591
1.314931
-0.781972
0.417367
0.126819
-0.265150
-0.784275
-0.488071
-1.869893
-1.147192
-0.035939
0.356711
-0.483628
0.684668
0.305912
0.001866
1.780606
0.808109
1.368695
-0.102014
0.656697
1.376339
0.070538
0.303589
-0.912770
-0.317252
-1.118501
-0.629947
-1.004406
-0.621820
-0.282925
-0.699401
0.071656
0.022206
1.051363
0.847553
1.092065
1.387367
1.358368
1.020683
0.962107
-0.071872
1.031208
0.550893
0.655396
-1.613894
-0.827717
-1.161505
-1.330337
-0.085027
-0.418252
-1.330786
0.354720
-0.206140
1.355409
0.161662
1.111702
0.941196
0.849325
1.102623
0.117374
0.348112
0.989988
0.039390
-0.860160
-0.993488
-0.454728
-1.084936
-0.189713
-0.435562
-0.736178
0.177249
-0.749322
1.000361
0.425994
0.994946
0.672830
1.146798
1.843726
0.587752
0.713211
-0.080278
-0.080756
-0.202404
-0.539276
-0.195488
-0.305722
-0.532238
-0.982051
-0.892783
0.136485
-0.698062
0.195056
0.082788
1.094897
1.045526
0.890418
1.579375
1.440504
0.940582
-0.482693
-0.065168
-0.582439
-0.332782
-0.945405
-2.008385
-1.133263
-1.779179
-1.106331
-0.738694
0.258441
-0.979816
-0.078147
0.990072
0.489429
1.517051
0.949370
0.495474
0.678437
1.364745
0.365666
1.041433
-0.306473
-0.486870
-0.510238
-0.381322
-0.376424
-1.232020
-0.235247
-1.065208
-0.027826
-0.559315
-0.072912
-0.795413
0.670258
0.644989
1.248718
1.628649
1.099760
0.602227
1.335713
-0.495652
-0.281613
0.261996
-0.966160
-0.386893
-1.392580
-1.114520
-1.268645
-1.172325
-0.822108
0.063402
-0.866353
0.420882
-0.126012
0.656517
0.905012
1.607183
0.396105
0.678355
1.144128
-0.289012
-0.909036
-0.037028
-0.819419
0.029298
-1.462347
-0.984218
-0.766959
-0.810163
-0.666922
-0.853958
-0.277027
0.659542
1.135525
0.882062
1.133005
1.278827
1.957853
0.518071
0.543839
-0.299660
-0.454277
-0.239348
-0.344064
-0.536489
-0.728878
-1.479655
-0.645254
-1.056084
-0.743420
-1.450063
-0.528489
-0.615499
0.412095
0.342526
0.724526
1.132076
0.255975
1.181838
1.046447
0.220201
-0.098674
-0.394746
-0.287335
-0.766118
-1.327516
-1.398379
-1.195687
-1.108833
-0.808772
-0.234886
-0.303963
0.739165
0.437692
0.998280
0.744767
1.336370
0.310116
0.042836
0.220277
1.431343
0.836188
0.051537
-0.681674
-1.045599
-1.075895
-0.876125
-0.200969
-0.477797
0.129270
-0.892378
-1.105794
0.130010
-0.034874
0.929930
0.266070
1.218090
0.703210
0.965733
0.504696
1.003936
-0.551877
-0.471447
-1.314863
-1.629542
-0.293729
-1.168589
-0.915193
-1.127681
-0.434488
-0.405078
0.072804
-0.152133
0.418218
1.556070
1.326159
1.097581
0.518030
0.928210
-0.475233
0.802453
-0.140341
-0.289453
0.477257
-0.522590
-0.381785
-0.510258
-1.125826
-0.838425
-0.565453
-0.492231
-0.115775
-0.627799
0.617722
0.732691
0.143448
0.714605
0.281951
0.897424
0.061463
0.516252
-0.078581
-0.059739
-0.223502
-1.360468
-1.035120
-1.849664
-1.390038
-0.803432
-0.877188
0.117784
-0.612436
-0.024564
1.354866
1.196986
-0.003542
0.962850
0.999758
0.219348
1.544925
-0.036369
0.385281
0.202191
-0.325619
-0.719055
-0.667747
-1.507689
-1.462582
-0.969675
-1.731726
-0.507642
1.218510
0.481131
0.730381
0.706678
0.898888
0.638029
1.638403
0.625897
0.746795
-0.141313
-0.442441
-0.613202
-0.918595
-1.555222
-0.981559
-1.729793
-0.910105
-0.561074
-0.239163
0.141644
0.874994
-0.109776
0.164781
1.384328
1.662774
0.777150
0.611319
0.553868
-0.139570
0.434772
0.328473
0.849093
-0.770739
-0.890108
-0.765662
-0.858714
0.181994
-0.639565
0.424372
0.130793
0.740659
-0.183133
1.357144
0.366779
1.613900
0.416284
2.324899
1.159110
0.707268
0.226569
0.033743
-0.242390
-0.523912
-0.641593
-1.481610
-1.208059
-0.723478
-0.784910
-0.784487
0.045052
0.452848
0.143715
0.090886
1.340537
0.823149
0.700442
1.831919
1.348695
0.133826
1.177608
-0.840767
-0.015053
-0.062496
-0.931544
-1.756863
-1.322398
-1.229379
-0.485771
-0.609131
-0.299454
0.481838
-0.015398
0.180559
0.668925
0.280995
0.410033
0.832037
0.426039
0.158222
0.116436
0.639506
0.315080
-0.468585
-0.701543
-1.332691
-1.512335
-1.288128
-0.251943
-0.111831
0.112980
-0.187685
0.804154
0.608424
0.250667
1.488163
0.659907
0.653997
0.513173
1.169320
-0.306191
0.153241
-0.221572
-0.244107
-0.511304
-0.442846
-0.472554
-1.142648
-0.267991
-0.533604
0.305637
0.677754
0.763035
0.417676
0.935828
0.984446
1.107773
0.628233
0.848335
0.581203
0.982441
0.110797
-1.177380
-1.036280
-0.679360
-1.537600
-1.162577
-0.397019
-0.502159
-0.782461
0.061917
-0.297034
-0.158314
0.944318
1.306516
-0.000806
1.369559
0.179316
0.999944
1.416156
0.422151
0.429951
-0.609185
-1.061365
-1.592559
-0.509017
-1.232681
-0.473199
-0.758719
-1.159123
0.113376
0.230143
0.348328
0.165828
0.143878
1.458586
1.386804
2.020239
1.359270
0.515571
-0.477310
-0.217142
0.688278
-0.368996
-0.589816
-0.111513
-1.435624
-1.191375
-1.387534
0.014654
0.596372
0.558099
-0.362473
0.961660
0.576169
1.052448
0.714876
1.380214
0.319072
0.784409
1.134925
-0.514970
0.372370
-1.246756
-1.454116
-0.542466
-1.202179
-0.098940
-0.529722
-0.101956
-0.778933
-0.330447
1.355815
0.895926
0.057561
0.198731
0.149237
0.823503
2.134671
-0.330058
0.379036
0.958723
0.178571
0.506498
-1.683012
-0.989358
-1.336026
-1.215867
-0.163699
-0.883739
-0.166399
0.601590
0.572282
1.294376
0.497496
1.409528
0.244236
1.208835
1.017174
0.387625
0.613802
-1.184613
0.606961
-1.056665
-0.594196
-0.644832
-1.815207
-1.187790
-1.632862
-0.198733
-0.269828
0.606806
-0.186545
1.034998
0.934245
0.874090
1.558993
0.189671
0.531191
0.384902
-0.136645
-0.248531
0.828138
-0.306156
-0.675428
-0.854236
-1.131316
-0.896970
-0.465315
-0.653591
-1.049626
0.314774
-0.419799
0.717637
1.171539
0.713248
1.235437
1.819630
0.865125
0.524905
0.929459
-0.301501
0.521771
0.361706
-0.697456
-0.646717
-1.501014
-0.992315
0.060930
-0.437321
-0.382268
0.932093
0.094458
0.557057
0.798255
1.716342
1.355587
0.735299
1.183280
0.337790
1.243976
-1.122582
-0.099019
-0.032128
-0.791945
-1.544575
-0.532399
-1.210507
-0.437481
-0.716842
-0.010408
-0.093097
0.757530
0.285274
2.002622
1.591193
1.386139
0.628136
1.197684
0.425348
1.184690
0.372538
0.386812
-0.676150
-1.047342
-0.820799
-1.217041
-1.307526
-0.145896
-1.088513
-0.190360
0.822455
-0.259616
1.169375
0.763044
0.483273
0.407845
1.255423
2.276316
0.959235
0.102945
1.047093
-0.660749
-0.751524
-0.348989
-2.033833
-1.520653
-0.864956
-0.597527
-1.071168
-0.200606
0.071516
0.328552
1.038486
0.637963
1.133941
0.722262
0.405204
1.007475
-1.370060
0.074796
-0.301353
-0.103068
-0.425125
-0.264747
-1.219803
-0.964661
-1.151198
0.060235
-0.653490
-0.761146
0.816162
-0.586439
0.264314
0.338237
0.624778
0.700576
1.663918
0.950445
1.886481
0.050814
-0.038659
-0.330326
0.022093
-0.696318
-0.979252
-1.079274
-0.282640
-0.588689
-0.726008
-0.251695
1.111679
1.069273
0.396871
0.667862
1.208057
0.548641
0.826987
0.257426
-0.349151
0.096927
-0.059572
-0.045749
-0.636166
-1.683065
-0.643943
-1.374256
-1.573986
-0.147038
-0.352952
-0.283086
0.083089
1.156753
0.328431
0.517323
0.132984
1.546310
1.218622
1.039954
0.080628
0.121015
0.104792
-0.036501
-0.776898
-1.764192
-1.429416
-0.884760
-1.045673
-0.029393
-1.488082
-1.035130
0.143567
-0.349244
1.140187
1.128857
0.848603
0.344674
1.012713
1.161083
0.763391
0.122513
-0.091807
0.323850
-0.080660
-0.530445
-1.620161
-2.304585
-1.398931
-1.277335
-0.818110
-0.619431
0.309565
-0.030841
1.422255
0.749060
0.979814
0.002717
0.518348
-0.433902
0.379581
0.654952
0.691544
-1.123809
-1.631624
-0.617069
-0.881298
-1.490614
-0.643742
-0.872737
-0.387638
-0.517818
-0.429387
0.790921
1.139187
1.527257
0.725228
0.750928
1.122429
0.511479
0.787681
-0.058290
-0.101980
-1.016150
-1.550759
-0.722574
-1.104303
-1.398014
-1.002397
-0.990314
0.060532
-0.516349
0.618975
-0.070382
0.150477
-0.124936
1.153208
1.183755
1.750531
1.968353
1.262421
0.476660
0.512939
-0.256890
-0.654329
-1.100222
-0.589598
-0.839167
-1.497450
-0.528620
-0.102426
-0.310200
0.062876
0.524931
0.206146
0.435570
1.673511
1.505276
1.556924
0.483041
1.114552
0.783965
0.438578
-0.429209
-0.529566
0.245334
-0.703811
-1.763820
-1.036457
-1.790008
-0.221731
-0.722108
-0.050185
0.526197
0.739614
0.092935
0.609334
0.493305
0.690015
1.788500
0.728030
-0.428952
0.350080
-0.484844
-0.142503
-0.996737
-0.920365
-0.374690
-0.787426
-0.129697
-0.685271
-0.378341
0.212072
0.105008
0.767913
1.093878
0.762874
0.504284
0.732563
0.662982
0.912210
0.322070
0.477271
-0.685624
-0.361978
-0.395821
-0.668219
-1.379732
-0.683389
-1.101684
-0.584478
-0.559087
0.476569
-0.584276
0.683444
0.734959
0.422775
1.062393
0.757537
1.335148
-0.384006
0.441284
0.268967
-1.368852
-0.173192
-0.168777
-0.571256
-0.159020
-0.631163
-1.808954
-1.118239
0.370714
-0.136038
-0.237651
-0.472127
0.205910
0.599236
1.291189
1.260668
1.638623
1.093288
-0.072548
0.048118
-0.117916
-0.316378
-1.417923
-1.323287
-1.180690
-1.005401
0.076562
-0.392574
-0.808959
0.054897
0.320424
0.516284
1.522302
1.938131
1.070011
1.095143
0.200387
1.102032
-0.115066
0.125353
-0.170268
-0.663932
-0.566408
-0.916151
0.086664
-0.195883
0.279103
-0.095955
-0.252557
0.098398
0.410422
1.047198
0.653935
1.111692
0.599811
1.461525
0.562366
-0.076355
0.169397
-0.263907
-0.740064
-0.879208
-0.490947
-0.987156
-1.788564
-0.226651
-0.699279
-0.205286
-0.876926
-0.078657
0.884520
0.025298
1.023032
1.765045
0.644611
-0.082590
-0.201332
0.544145
1.009451
-0.166770
-0.417276
-1.440042
-0.643175
-0.880336
-0.659055
-1.304974
-0.071834
-0.663774
-1.149087
-0.103970
1.006739
0.830191
-0.101688
1.840144
1.284578
0.992681
0.795836
0.487095
0.186218
-0.506323
0.271923
-0.635350
-0.307173
-0.638939
-0.941212
-0.731242
-1.258190
-0.325466
0.523268
0.616142
0.478242
0.832783
0.800074
0.458537
0.646969
0.509209
0.576922
1.092297
0.843546
0.692757
-0.003413
0.019680
-1.772266
-0.917628
-2.314493
-0.346343
-1.140035
-0.071575
0.132472
-0.223614
-0.120356
0.433701
0.704436
1.018669
0.866208
1.173409
0.266232
0.526684
0.131259
-0.086348
-0.640977
-0.852195
-0.723138
-0.786715
-0.660547
-1.040183
-0.481742
-0.380952
-0.521707
-0.238424
0.657849
-0.561695
1.395915
1.278749
0.404630
1.970295
0.774268
1.145232
1.768286
-0.354861
-0.233529
-2.090772
-1.340064
-1.235829
-0.518905
-1.216203
-0.722135
-0.709973
0.046567
1.339260
0.257697
0.134360
0.539513
0.683842
0.689387
2.014018
0.818447
0.640138
-0.118498
-0.274279
0.070270
-0.544703
-0.401045
-0.907364
-1.280702
-0.184068
-0.739564
0.748296
0.242671
-0.727701
-0.256754
0.106689
0.617465
0.953634
1.366301
1.693770
0.907986
0.627146
-0.097989
0.071330
-0.169771
-0.377582
-0.099520
-1.524603
-0.723252
-1.648270
-0.179996
0.732579
0.175199
-0.640010
0.382672
0.386053
0.134380
0.488316
0.019605
0.627548
1.357461
0.776998
-0.929197
0.579985
0.139455
-1.196621
-1.165896
-0.770358
-1.675263
-1.489384
-1.327601
-0.333788
-0.280780
-0.320899
-0.279498
0.414556
0.336238
1.645539
0.016749
0.636755
0.130128
1.239164
0.660244
-0.422569
-0.520618
-0.358536
-0.686562
-2.318035
-1.997295
-1.206620
-0.219880
-0.368184
-0.827579
0.294909
-0.036960
-0.002383
0.854515
0.734571
0.912932
0.461542
0.814455
0.223847
-0.232652
0.478400
-0.314586
-1.221562
-0.136504
-1.344026
-0.953250
-1.512375
0.170336
0.391601
-0.318522
-0.359731
0.802073
0.764384
0.769515
1.757244
1.606504
1.038182
1.112923
0.579643
0.503566
0.403625
0.268975
-1.023981
-0.750407
-0.613053
-1.653385
-1.005638
-1.135454
-0.733964
-0.176327
-0.360943
0.716924
0.666227
1.583555
0.913695
0.862844
1.064173
1.090625
1.151872
-0.233248
0.275080
-0.978735
-0.238095
-1.388006
-0.956825
-0.228915
-0.871600
-1.145922
-0.873222
-0.274842
0.263408
-0.063071
0.805289
0.454873
0.965906
1.134490
0.798509
0.779036
0.999469
0.148335
-1.052314
-0.008341
-1.142673
-0.612800
-1.225903
-0.472461
-1.695908
-1.144273
-0.402924
0.023053
-0.033432
0.059559
0.008082
0.883333
0.314552
2.143023
0.828655
1.085913
0.881489
0.726104
-0.236939
0.552823
-0.466011
-0.703632
-0.822259
-0.429600
-0.350200
-0.885280
-1.588284
-0.754824
-0.871604
-0.404546
0.792517
0.363165
1.627150
1.314128
0.621192
0.789152
1.057135
0.438111
-0.351386
0.520216
-0.468846
0.079883
-0.350611
-0.901348
-1.086464
-1.283557
0.124045
0.379055
0.018357
0.030435
0.655521
0.441790
0.758391
0.850533
1.012567
0.779006
1.124365
-0.120482
0.592303
0.257186
-0.299890
-0.655338
-1.583820
-0.616797
-0.919691
-1.018031
-0.267952
0.036891
1.046486
0.410162
-0.206388
0.028623
0.323801
0.362926
0.676639
1.282872
0.284740
-0.059094
-0.810038
-0.094398
-0.533403
-0.982783
-0.956085
-1.240865
-0.649340
0.254711
-0.371065
0.265610
0.254260
0.358196
1.702658
-0.034911
0.701635
1.683294
0.825529
1.077282
0.370656
1.032337
0.446231
-0.575876
-0.725234
-1.118579
-0.614148
-2.183800
-0.507874
-1.640277
-1.641818
-0.447385
0.650735
1.144584
1.273403
0.097894
1.415287
0.728714
-0.306995
1.376660
0.034593
-0.319613
-0.858272
-0.471852
0.070089
-1.533244
-0.024453
-1.272802
-1.056701
-0.558871
0.214440
-0.733567
0.924340
0.575467
-0.107653
0.062662
0.578131
0.704440
1.915129
0.056318
2.086074
-1.072098
-0.138297
-0.500321
-0.453477
-0.593902
-1.396727
-0.792050
-1.810997
-1.237009
0.170068
0.158195
-0.519404
1.071963
0.496738
0.830252
1.189009
1.086109
2.108781
0.843204
0.656666
0.164819
-0.716762
-0.115218
-0.309792
-0.535113
-0.640614
-0.498053
-1.337902
-0.529446
-0.285490
-0.530803
-0.013682
-0.097798
0.782464
0.638438
1.909645
1.233053
0.798367
0.445824
-0.744668
0.421080
-0.392098
-0.192841
-1.340137
-0.417661
-1.284612
-0.796979
-1.333700
-0.844024
0.017399
-0.274820
0.161741
0.934584
0.365821
1.038869
1.484384
1.570270
1.267828
2.148376
-0.048546
-0.112387
0.146696
-0.535741
-0.341929
-1.496412
-0.911274
-0.572474
-1.456130
-0.979749
-1.598381
-0.725864
0.152626
0.955339
1.215013
0.937449
0.649124
0.283665
1.346533
0.998077
0.306955
0.186419
0.035869
-0.691755
-0.927912
-0.950926
-1.234461
-0.306304
-0.834189
-0.520284
0.490182
-0.493878
-0.147233
-0.349126
0.822469
0.565784
0.574909
1.326572
0.261186
-0.480932
1.426070
0.976079
0.336554
-1.229070
-0.790412
0.334445
-0.541721
-1.360036
-1.230688
-0.989908
-0.740240
-0.800776
0.999519
0.796962
0.779412
1.574557
0.478410
1.023992
1.002093
0.223696
0.924767
0.210211
0.636562
0.039349
-0.874815
-0.093115
-0.370901
-0.548327
-0.512368
-1.000863
-1.322446
0.024288
0.440267
0.814079
0.063621
0.516939
1.353586
1.366921
1.378247
0.372781
1.004018
0.506383
0.361939
-1.541085
-1.041526
-0.038605
-0.393036
-1.841748
-1.320230
-1.988892
-0.491029
-0.368844
-0.347921
-0.134490
0.157199
-0.074934
0.240173
1.241687
1.060889
1.366086
0.848845
0.242239
-0.161008
-0.990681
-0.904615
-0.895851
-1.130691
-1.910471
-1.373833
-1.357106
-0.420105
-0.347878
-0.274777
-0.214505
0.079914
-0.323353
1.634201
0.512493
-0.290439
0.617428
0.871377
-0.131851
-0.138164
-0.261619
-0.546778
-0.243712
-1.702095
-0.378133
-0.223357
-0.536640
-1.047349
-0.916683
-0.242229
0.093647
0.732710
1.276186
1.431334
1.506862
0.927269
0.734863
0.665317
0.533876
-0.502105
0.027998
-0.614294
-1.697413
-1.256819
-0.961873
-0.731067
-0.499490
-0.409583
0.073915
0.113196
0.102744
1.117789
0.834162
0.911050
0.419547
1.353071
0.426134
1.019117
-0.333315
0.115326
-0.509459
-0.632650
-1.508302
-1.230974
-0.520650
0.201749
-0.461787
-1.514102
-0.542913
0.208652
-0.035623
1.618301
0.778744
1.593593
1.142833
0.987598
1.725956
-0.013898
0.060355
-0.785267
-0.170530
-0.372589
-0.542313
-0.419586
-1.644305
-0.236157
-1.732530
-0.316830
-1.275883
0.404455
0.432331
1.189670
1.148189
1.595398
0.702677
0.156545
-0.193648
1.602229
0.875736
0.381542
-0.045894
-1.077625
-0.740515
-1.084378
-0.772423
-1.233831
0.426802
-1.210643
0.082894
0.328740
0.168459
2.118463
0.590731
0.886773
2.092714
1.798216
0.064104
1.145846
0.521684
0.271555
-0.588611
-1.246826
-1.493035
-1.538755
-1.303381
-1.540926
-0.305059
-0.464384
-0.196654
-0.609266
0.673818
-0.667741
0.487392
1.248809
2.001153
0.743737
1.243304
1.711079
-0.003661
-0.350897
0.847996
-0.528845
-0.238681
-0.797146
-0.625244
-0.622230
-0.590511
-1.983345
-0.574880
-0.226825
-0.131865
0.198123
0.554224
0.348574
1.022231
0.554909
0.428133
-0.228747
0.748083
-0.923848
0.089280
-0.589351
-0.491724
-1.276869
-0.731523
-0.481185
-0.696574
-0.506123
-0.294156
-0.066589
0.390541
0.408208
-0.056892
1.484366
0.679489
0.901519
0.726698
0.905771
1.060190
-1.092710
-0.164783
-0.790789
-1.494438
-1.130667
-1.080514
0.164484
-1.541468
0.378229
-0.295152
0.415916
0.094020
0.061021
1.138199
1.343580
1.459739
0.832000
1.304772
0.488225
0.967980
0.072405
-0.433496
-1.433511
0.338797
-0.591268
-1.207344
-0.849319
-0.967663
-0.901161
-0.719721
-0.778978
0.995722
1.021190
0.711416
0.759260
1.502485
0.027026
-0.618932
0.158193
-0.172275
0.702417
-0.735731
-1.444825
-1.573021
-1.197871
-0.651067
-2.238066
-1.070900
-0.972018
0.273760
1.035216
0.579836
0.957120
0.489625
0.437255
0.956363
1.327902
1.915921
0.722007
-0.180616
-0.487224
-0.870617
-0.266110
-0.618131
-0.877141
-0.759329
-0.997827
-1.078129
-0.368640
-0.015492
-0.514334
-0.854487
0.259749
0.230263
0.500743
1.488291
0.571734
0.753594
2.023838
0.320538
-0.497447
-0.199575
-1.308847
-1.189764
-1.224104
-0.994089
-0.347473
-0.730580
-0.685320
-0.194946
-0.600444
0.514393
0.273542
1.054537
0.773133
0.545880
0.089475
0.889191
0.819847
0.018931
-0.682610
-0.892554
-0.072457
-1.178806
-0.809465
-1.007982
-0.452737
-1.084856
-0.577925
0.557952
0.369133
1.404340
0.705048
1.154588
1.505280
1.488997
0.484153
-0.219092
0.879353
-0.116393
1.065660
-0.037015
-0.235245
-0.445015
-0.373563
-1.150268
-0.983969
-0.697701
-0.058118
-0.062391
-0.260745
0.786472
0.727272
0.307787
0.966701
0.433895
0.579549
1.106873
-0.366177
-0.405959
0.700839
-0.097141
-0.264638
-0.285655
-0.323646
-0.849088
-0.526931
-1.185932
-0.736130
-0.473387
-0.341364
0.046647
0.812571
0.693613
1.028364
0.802237
0.982509
1.288176
-0.272906
0.990862
0.285844
0.403300
-0.057598
-1.432852
-1.015562
-1.234658
-1.669913
-0.010733
-0.762719
-0.428974
0.462771
0.241731
0.524364
1.039427
1.281344
1.407857
1.246008
1.226869
0.388259
-0.569701
0.986240
-0.605796
0.201581
-0.036144
-0.498841
-0.658728
-0.850858
-0.899207
-0.804300
-0.626992
-0.292914
1.158978
-0.441132
0.705970
0.751858
1.457400
1.082324
0.327524
1.234086
1.102911
0.142799
-0.249824
-0.397947
-1.035233
-0.255160
-1.928274
-0.212115
-1.197618
-0.998626
-0.228237
0.170779
0.583508
0.891087
0.137941
1.302368
1.341897
1.303987
0.898395
0.737127
-0.113560
-0.005560
0.091150
-1.334934
-1.005731
-1.614186
-0.330942
-0.722714
-0.160079
-0.773695
-0.030136
0.301598
0.823582
0.711384
1.073287
0.133143
1.613854
0.703643
0.468287
-0.244634
0.358216
0.039009
-0.133606
-0.267462
-0.959834
-0.414060
-1.226526
-1.555903
-1.015177
-0.934572
-0.229341
0.214457
-0.255005
0.734988
0.552937
1.404224
0.634408
0.907725
0.555250
0.458554
0.571586
-0.368254
-1.000625
-1.078827
-1.482855
-0.713629
-0.898072
-0.582703
-1.200020
-0.414900
-0.598173
0.304288
0.593128
0.685040
1.769852
0.419236
0.892993
0.954266
0.902717
0.960168
1.025679
-0.333200
-0.227056
-1.595166
-1.634062
-0.884082
-1.010970
-1.264741
-1.595028
-0.777935
0.239431
0.179490
-0.108929
0.567296
1.349521
1.294347
-0.142547
1.068868
1.205346
0.507264
-0.263585
0.077760
-0.088987
-0.823720
-0.967363
-0.956457
-0.778870
-0.772902
-0.490266
-0.736050
-0.742748
0.403860
0.641664
0.136523
1.052959
1.269980
0.673256
1.646600
0.885003
-0.109891
0.465130
0.573183
-0.672158
-0.712578
-0.126175
-0.558310
-1.123855
-1.159423
-0.590802
-0.346862
-0.151999
-0.356090
0.348776
0.841449
1.541184
1.628594
0.928341
0.813480
0.650061
1.548480
0.855775
0.907584
-0.237687
-0.205759
-1.652305
-1.591610
-0.931205
-1.414464
-1.594242
-0.695753
0.205317
-0.271631
0.182950
1.724474
1.670897
0.564696
1.006965
-0.167842
1.062600
0.635243
0.498935
0.672467
-0.022613
-1.292835
-1.618512
-0.858781
-1.314658
-1.422940
-1.932490
-0.956122
0.117160
-0.327391
0.306265
0.268583
0.921984
0.882803
1.613659
0.410678
0.991343
0.663386
-0.565903
0.157279
-0.835584
-1.259749
-0.849259
-0.363234
-0.750296
-0.198264
-1.017186
-0.584367
-0.053615
0.440964
-0.031371
0.380708
0.757949
0.918257
1.155035
1.151708
0.622126
0.694162
0.745678
-0.599679
-0.569428
-1.773634
-0.171856
-0.449047
-1.246776
-1.196117
0.273253
-0.487868
-1.104432
0.616764
0.522162
1.203072
1.464583
-0.225782
0.873336
2.146517
0.822587
0.309644
0.347028
0.653412
-0.350911
0.197101
-1.210945
-1.605112
-1.369510
-1.233391
-0.705117
0.377227
-0.971590
-0.919042
-0.094828
-0.240856
0.893460
0.904867
0.545524
1.234616
0.094588
0.461329
0.441711
-0.108020
-0.267865
-0.806574
-1.102947
-1.088813
-0.992227
-1.232744
-0.771089
-0.157832
-1.399004
-0.242302
0.351902
0.551619
1.738961
1.398951
1.281432
1.317407
0.292780
0.916943
0.154059
-0.980974
-1.385489
-0.214711
-1.133894
-0.962892
-1.168005
-1.471137
-1.077385
-0.379709
-1.430520
0.152994
-0.145613
1.042910
0.782180
0.874785
0.513968
0.388742
1.373886
0.062964
0.823530
0.525682
-0.263211
-0.334651
-1.006554
-1.212945
-0.353471
-2.270444
-1.013878
-0.701586
-0.700334
0.689790
0.285111
0.852480
0.577413
1.107631
-0.224231
1.571017
1.172179
0.221916
0.783268
0.504599
-0.937394
-0.252293
-0.660994
-1.217095
-1.044742
-0.022001
-0.899749
-0.942655
-0.006605
0.520576
0.280743
0.473137
1.349240
1.794124
0.886173
1.312960
-0.137353
0.236211
-0.018745
-0.692930
-0.288870
-1.007467
-1.323374
-0.395903
-0.954904
-0.380108
-0.657004
0.340296
0.000281
0.325931
0.777688
0.151239
0.283808
1.489029
1.451597
0.542892
0.755735
0.580662
0.599767
0.171419
-1.042390
-0.111303
-0.760921
-0.851742
-0.847223
-0.848997
-0.945555
-1.087060
-0.456347
-0.208636
0.724139
1.790181
0.459498
1.372713
1.215589
1.028193
1.184080
0.823888
0.366897
-0.644593
-0.698361
0.105721
-0.406820
-0.716229
-0.338369
-0.727231
-0.770415
-0.738072
-0.563689
-0.039731
-0.445482
0.444693
1.495215
0.865743
1.088305
1.088135
1.908721
0.064021
-0.371368
0.320169
0.101437
-0.859765
-1.267984
-1.045690
-1.356833
-0.702444
-0.708436
-2.253667
-0.247042
-0.492755
-0.066546
0.699139
0.498831
0.281810
0.900884
0.577965
0.591932
-0.252236
0.755574
-0.117009
-0.251664
-1.190052
-0.887736
-0.309355
-1.041231
-0.388858
-0.526386
-0.499721
-0.300412
-0.142032
0.798853
0.859228
0.144893
1.648387
1.016062
1.315893
1.064141
1.216556
-0.165887
-0.093991
-0.463355
0.149177
0.351928
-1.130657
-0.779509
-1.650833
-0.869622
-1.053404
-0.078141
1.010597
0.292319
0.781582
1.304449
0.478404
0.196227
0.933145
0.377253
1.261437
1.024995
-0.338302
0.333950
-1.245726
-0.615966
-0.921604
-1.013584
-1.232564
-1.325124
-0.741506
-0.055876
0.161280
0.827463
0.271447
0.345599
1.039127
0.778028
1.424089
0.083804
0.329321
0.355285
-0.283396
-0.802191
-0.051443
-0.363063
-0.103328
-0.680380
-1.227730
-0.946803
-0.408192
0.279705
-0.095605
-0.530156
0.084155
1.132080
0.953428
1.466758
1.165373
0.100862
1.214249
-0.316719
-0.041238
-0.243349
-0.377310
-0.087512
-0.427469
-1.493652
-1.431201
-0.297912
-0.273454
-0.218937
-0.022065
0.605402
0.354139
1.884005
0.929131
0.984080
0.765294
0.925765
0.658917
-0.143989
0.465340
-0.648791
-1.030313
-0.572606
-1.186344
-1.146630
-1.679959
-1.127920
-0.275544
-0.419953
-0.024586
-0.190926
-0.254991
0.391948
0.682586
0.780740
1.482349
0.657870
1.236601
1.067068
0.074283
-0.574448
-0.534047
-1.019517
-1.063662
-0.643545
-0.561705
-1.452369
-1.149078
0.319540
-0.248392
0.031924
1.347600
1.198848
1.570714
0.742450
1.767761
0.586332
0.647259
-0.118746
0.078461
-0.454436
-0.355593
-1.383198
-1.526789
-1.462798
-1.329810
-1.236979
-0.866656
-1.111763
-0.447070
-0.732122
-0.228777
1.021767
0.375765
0.932571
0.581325
1.211443
-0.586356
0.315765
0.774506
0.143354
-0.253005
-1.013743
0.741384
-1.048692
-0.435143
0.049196
-0.720514
-0.295430
-0.179943
