12031
11469
-8371
-7269
60998
12302
46505
23699
17977
126
9320
-12701
-36767
-31630
-31445
-34936
-23879
-19928
-60453
-23045
-1868
17894
30482
35353
24931
56411
17905
2405
26231
25923
15899
-1568
-4928
-23920
-5512
-10604
-29648
-13689
-1074
14449
-2169
30734
37173
42488
50830
31010
41314
44384
12018
-10859
10794
-6832
-11887
-26724
-45033
-24859
-15876
-21731
-22757
-10793
-3736
-12502
23603
43911
32123
23518
42021
46319
26712
18213
3631
-19541
-17093
-8018
-32082
-21197
-32156
-16839
-29412
-29627
-39901
22119
24943
38439
40522
3644
32858
58210
34509
7655
-7671
-16111
-15031
-23473
-45821
-40213
-35801
-8545
-2585
-5169
-20659
14061
32096
23347
9750
20224
43986
25385
25539
15228
12322
5557
-12027
-17447
-25148
-51523
-15968
-9344
-13869
-14053
-9303
-15509
19747
36458
46898
30711
23258
54697
47304
49316
-15356
-31160
-16597
-20136
-19941
-40826
-34421
-31561
-51553
-23596
1103
3316
33053
36234
36063
42931
64829
22384
62901
40564
20721
-42383
-28516
-48091
-27853
-50109
-38373
-2296
-39384
-40382
-12249
5927
30466
28447
25391
36612
12516
31442
36246
9794
19425
-15576
-2551
-48563
-30423
-23433
-48335
-50702
-28946
-14369
22230
-6351
36369
22261
21019
27017
66164
16417
44065
11528
-8235
1438
-17299
-27914
-23266
-40566
3521
-24887
-6044
6535
-15293
34251
35398
14276
36332
17788
51323
26074
34165
11097
4391
-18223
-26783
-29590
8578
-18505
-21960
-17503
20034
-2633
10733
75
18954
9503
40108
21801
53525
42547
18175
4262
-22519
3811
-5201
-28141
3308
-23033
-21301
-26131
-6667
-22296
-1578
-6180
-912
-3598
57211
-522
69752
39028
-15386
8646
14497
-21404
-6223
-43512
-29555
-7803
-25033
-6210
-18187
-21272
8414
11006
54160
13082
32786
8819
57821
37330
42478
5977
7380
11196
-24066
-17184
-54195
-37571
-33123
-37979
-45098
-5414
3935
20324
35129
12182
35461
35144
50785
41661
6418
-19612
-13301
6077
-19382
-29848
-42580
-43008
-23575
-14089
-10964
-7176
19153
7170
18994
10461
34451
30352
14455
35607
23684
43901
8466
-1642
-22151
-44408
-50601
-27224
-6035
-20320
-3643
-18156
5137
5804
6281
38701
26568
-19938
62863
21615
25535
2681
2563
-14406
-20267
-33635
-49247
-40285
-26344
-29701
6916
40590
-12383
-4167
2008
10526
29327
38427
33702
5099
44258
25832
-16157
-14012
-27220
-27512
-41649
-44488
-28192
-31468
-19296
-15885
-2374
13633
8543
49211
41079
-12376
20306
37060
34592
-13245
28940
-10777
-43880
-33472
-41802
-7038
-67062
-39733
-12922
2046
-26621
32540
-3822
12056
25486
46577
40187
26593
33635
1221
25759
-8619
-49433
-41322
-47313
-51279
-20338
-46299
-19264
-12117
-12675
11908
7748
56787
6424
37111
22977
23077
-9090
23915
3540
7824
-9084
-39543
-51183
-41138
-22652
-44613
-23273
-45937
-16129
17883
32638
49299
38044
38687
15136
-5911
35555
18941
7299
593
-26437
-8116
-15438
-37496
-41256
-27339
-8297
8714
16211
-20887
24087
-23771
4970
18902
31888
25565
17252
27119
1921
4319
-20508
-41492
-50601
-13111
-37979
-18581
-19367
-18707
7545
-3676
34339
47455
60989
43842
46491
39425
2742
8236
6867
-28852
-22922
-49716
-35462
-29032
-25657
-15312
-3192
-13657
15749
27083
16690
28325
46064
31686
19257
18181
8718
-7636
20200
-44287
-20770
-24386
-27784
-36266
-56182
-35426
-36100
1139
-6443
17919
18221
17350
19115
10050
18071
16496
17455
16913
3770
3916
-18471
-9743
-34146
-37521
-17808
-21229
-16993
-17515
-2507
-4276
16103
29703
57295
25527
24251
30210
21659
10285
1763
-43705
2269
-16384
-38033
-43493
-42472
-54023
-23327
9426
-25618
-18467
18866
4421
26459
20459
38238
19444
21257
17016
6633
-2200
-24066
-66970
-27032
-47992
-22450
-48240
-2483
-24892
-10745
16650
57686
11022
60483
40803
16534
39031
22895
2426
-7162
-43736
-21895
-17814
-26830
-38206
-13714
-33005
-9171
-29095
-3163
14817
31077
27144
36786
53348
51549
17284
23105
35478
2736
-9610
3986
-11895
-41930
-32706
-49581
-30585
-4537
-31230
16738
3830
7834
14477
-3729
31224
12289
-1002
19179
500
-6542
-8091
-16567
-32246
-35838
-39286
-35365
-41837
-40682
-28563
8648
10215
34004
45843
18652
15455
680
23051
30587
34672
1246
-17741
-15651
-39974
-29680
-34093
-51455
-32022
-11682
13216
9016
41952
7896
29542
28430
35185
13530
24816
14094
4010
-5968
-14357
-19116
-5278
-37375
-32855
-58148
-23461
-17937
-20726
6065
5429
14813
8008
45538
17657
32930
28458
31031
22235
-22205
11018
-9866
-42067
-47379
-39477
-39943
-10691
-2571
-6664
16816
11925
40996
46476
10377
46470
37193
22909
33038
2752
-9271
-845
-20996
-24944
-12367
-40887
-27204
-13932
-38352
-8440
-2779
17618
23554
26987
17707
47897
55624
34576
33109
10916
-6462
-7167
-44700
675
-15919
-62796
-52673
-17083
-21898
-10625
-26249
12182
22219
36916
7036
49484
13771
27502
44055
31909
6360
7273
-38144
-13008
-16195
-49630
-28887
20321
-3503
10270
9946
-8844
-11851
25196
14522
9101
28893
33588
56174
2596
1483
32606
-36254
-22363
-35532
-11182
-29334
-5679
-12514
2292
-27400
-1892
-2419
1744
46097
49871
28919
10283
36372
40021
11525
-23596
-26622
-14988
-30145
-15951
-47252
-1341
-23977
-21780
-19250
24147
13753
22018
24983
15733
19558
24557
54804
3955
13086
-25560
-4955
-11830
-19441
-26680
-61068
-28830
-9407
-39769
-6863
29746
19814
48732
25621
53062
33782
37622
-4361
-14115
8001
-16003
-49164
-33933
-36990
-46773
-51592
-22876
-13762
-23274
21688
2140
-13191
26885
44495
1679
61925
21748
5778
14774
-8839
5435
2496
-19344
-31255
-60675
-43678
-26152
-51999
-27394
2449
-10058
6625
31446
34268
34711
71156
37497
8127
10921
19013
19508
-8044
-39257
-19932
-23456
-22558
-27389
-22830
-8537
-9811
19864
18430
48328
43381
36476
52980
40736
24832
-4793
21833
-12196
-25021
-26016
-13661
-30825
-49786
-31111
-32469
-14579
-20502
15955
13611
12029
21641
53583
11584
34473
22029
-9430
657
-25287
-5566
-17478
-33081
-48975
-39682
-34671
-13602
10292
12430
2833
-11590
14453
36942
15383
31080
50637
45892
13006
28997
-790
-7645
-17391
-39242
-29556
-22682
-7086
-61390
-24118
22719
20807
22829
35072
50551
17280
37899
-4308
21425
11701
20644
-22164
-10324
-10850
-42743
-27662
-30365
-29358
-27424
-20977
-19136
2535
4023
25754
56806
27914
47084
34505
41387
10020
-1629
-12605
-39208
6791
-54544
-34799
-37168
-25303
-42709
2630
-708
6374
42555
37564
59325
54304
22199
22318
39695
3292
-1232
-17482
-12423
-8893
-41141
-40990
-15538
1510
-3656
-32619
-1121
15279
20454
17844
2397
52543
48557
38360
13071
-11411
9561
-24237
-23189
-6035
-15410
-38160
-25164
-37369
-32109
-13372
-21086
41064
27516
14019
31050
48504
28317
22744
32004
34317
14234
-7901
-10568
-26129
-38509
-43556
-44029
-40388
-19082
-36150
-2098
-14667
14863
11432
33553
48712
3640
14244
6989
2578
-3176
-25347
-23459
-10236
-28804
-40945
-26160
-17599
-48369
-12991
32550
11066
22124
52336
11423
46745
26129
30573
29135
6723
-10420
393
-21277
-24729
-21392
-18001
-35231
-42456
-12279
11347
-10158
18309
42432
25317
36580
30961
16013
13388
-904
7371
29538
-6297
7414
-41223
-39348
-4353
-53429
-47871
13452
6005
3854
11169
37538
37161
43486
56298
52232
30436
-2847
32577
-16409
-50975
-13031
-24069
-40805
-30324
-8468
-20859
-23971
-8411
-27181
-14269
1743
7762
67332
42122
47355
21770
7270
23185
6708
-17076
-48633
7707
1938
-50305
-10720
-31339
-29408
-27138
-7494
12851
-4248
28390
5992
29956
15482
47074
7750
6435
7004
-13529
-28719
-55442
-37621
-14074
-24302
-45505
-3602
-12391
12121
12612
-18750
9039
57328
29653
21141
30974
28671
-1785
5013
-30892
-30457
-36760
-28075
-1367
-21392
-41442
-46761
-22966
24477
18671
1445
48345
17309
32169
19666
26298
8029
-2037
-12166
23205
-52125
-9747
-38754
-23738
-14216
-50542
-7127
-14299
-16885
9603
17752
31556
37778
27764
43426
31553
40136
33454
-8037
-14658
-1728
6705
-9907
-32783
-27696
-141
-37653
-14155
-12974
33015
-1226
17970
32155
38178
24660
9859
13834
4788
-19417
-32051
-15920
-15130
-22419
-32770
-41428
-53688
-35796
-20304
-4875
14109
22877
39920
36742
9813
43891
8750
11351
-2151
10127
-39272
-9837
-39039
-45737
-55173
-45412
-47354
-34805
8416
-3859
-8018
37863
35699
36658
23071
41428
15157
5631
-558
-8194
-2220
-5166
-59960
-39410
-57114
-12095
-842
-30553
3495
8474
15939
33827
38310
34540
20314
55551
9714
17521
4174
16222
9177
1836
-3530
-54475
-26861
-31020
-36853
-16280
-15298
-20313
-3088
3424
11755
28964
35993
15039
1050
1945
20043
14115
-33482
-13561
-33984
-46498
-28187
-54004
-49150
-25599
-48217
-13385
-11943
-10065
11877
31718
27481
67053
23565
4563
21602
10008
-25727
-21319
-45906
-37405
-38177
3178
-15524
-38758
-33939
-11844
15632
49830
16319
28209
6640
50840
36101
33597
22069
-34260
8200
-20404
-36650
-38764
-14994
-27
-9905
10379
-19068
-25056
3654
1508
8293
24940
8151
16267
24644
21048
-2902
-4405
-10663
-25187
-15055
-46062
-25347
-6566
836
-27861
-1931
-16056
17801
-8135
-1757
16079
2704
39360
27667
35450
15158
10654
-26296
-5049
-26963
-41945
-14119
-18945
-29583
-14729
-16288
-13876
13557
14814
20121
37098
24953
25807
53817
-17963
-2425
-20808
23246
-23464
321
-28239
-31757
-50456
-44096
-20421
-20337
33874
-8594
42056
33471
25581
15820
18911
15394
-2859
35107
-13345
-30069
-18983
-26181
-53829
-40542
-27178
-5428
-25012
4980
-26522
3470
22079
-13112
34844
22550
12951
45766
24084
-2216
-6033
-33741
-36513
-4136
1699
-20331
-43239
-20883
-28151
-21675
16192
42787
23776
42612
19758
28378
25613
48241
11928
10510
9903
-17171
-34466
-30125
-42919
-41675
-16839
-28336
-5805
-32443
-1596
-10242
19044
7274
36434
46371
24165
29211
33309
20859
762
-37254
-26612
-59132
-37309
-18322
-23403
13248
-22421
1465
1781
-5233
19773
17169
16057
22891
27879
69822
10596
-1208
-11857
-10148
-457
-45530
-71381
-34171
-14839
-66069
-6632
10365
2855
-21981
19589
35755
44794
44384
43179
44949
-374
27074
-28788
-9251
-13905
-8558
-47193
-29788
-9288
-20059
-6881
-10646
-9754
26626
29183
44342
23730
33664
48299
9062
28535
17886
25438
22121
2190
-44949
-57976
-54752
-19291
-35189
-36823
-13209
-1709
-12184
19669
8653
17476
47561
22395
15065
43836
26963
7125
-5016
-34130
-37673
-18298
-31781
-40030
7417
-28921
-21073
-8105
-28967
27833
43833
39962
13080
10779
40797
8799
29037
-18582
-1333
-35046
-35266
-42265
-12249
-18045
-23331
1835
-25821
-28105
17271
20255
27626
15999
44367
39337
4845
18537
29932
-1516
23064
-18082
-30548
-52163
-32428
-21377
4404
-32537
-13570
1270
15621
26307
50757
42812
23595
70538
17487
26218
34575
25559
-26655
-22075
-39191
-33448
-35308
-52017
-20300
-12376
-13314
-7305
4585
-17055
7282
16242
35251
34819
19636
28830
14260
13987
-10775
-17713
-16336
-30662
-15239
-41355
-18985
-21719
-3005
-13696
23205
-20179
15165
66624
59891
32294
9978
9707
-1078
9190
16828
-21481
-27377
-33770
-12302
-35745
-21340
-35696
1934
-20393
17614
3904
77655
35255
19466
27878
47408
19518
-15465
13191
-13380
-34685
-3519
-27940
-50236
-4083
-8314
-40799
-6389
12797
-2317
25915
24529
27670
15778
53216
34388
18597
13408
23272
-13887
-30571
-19915
-16325
-39062
-52194
-54590
-37810
15026
16216
-9051
16174
31599
20327
38181
19418
8288
3532
20154
-7077
-16415
-19870
-42496
-39994
-22023
-14885
-27006
-15496
-22817
-7883
3467
27841
22452
49934
16030
36117
15925
19693
12108
-35158
-13533
-30615
5731
-14021
-35477
-40664
-30068
-15327
6606
-1479
23876
14389
45434
23869
14592
49854
41797
10730
464
22632
-15112
-16059
-7524
-30624
-48417
-35639
-7541
-30791
8571
-2591
-5742
4635
41410
36609
37204
6878
46079
17112
16942
21995
-29195
-12239
-48289
-62669
-11632
-29910
-19446
-35729
-4326
-12919
18053
5110
32652
75767
46402
23479
22659
-5597
11917
17330
8828
-29673
-20487
-26144
-31849
-42723
-38373
-19189
-16986
-7009
18842
30965
25599
36253
53218
21592
32582
27466
6121
-3854
-10447
-31639
-2382
-31080
-45292
-36454
-2625
-48504
-1578
13951
22337
-3231
55870
26168
37517
21019
25713
-3214
4141
-13166
-14604
-13688
-25526
-15574
-31009
-75841
-34576
-946
7073
32513
-2029
41211
29305
42747
37957
38243
30227
12053
-28832
-20301
-35455
-27108
-66878
-25444
-16854
-55599
-28480
-27614
-17899
13122
6434
9880
8468
32883
37568
32906
32297
31259
26968
-9655
-8687
-11774
-25638
-25543
-49521
-20938
-34442
-22200
21793
-1348
15115
-21262
41053
57445
13831
27501
14353
-13612
-12129
-722
-9781
-7938
-32120
-36622
-7296
-43115
-39754
-10976
-971
-554
10422
8096
46567
34565
45100
49541
38141
-14701
27796
-8825
-8521
-16470
-54559
-6279
-27700
-19710
-28796
-10711
-10671
-4443
27557
18186
8603
40473
20119
21092
17491
37542
12441
-18187
-15458
-9532
-29436
-39132
-67873
-50750
-26729
-48895
-17965
-8414
-1109
3835
40327
3433
44658
26290
22062
29600
18183
51158
-33044
-6339
-8563
-19957
-29384
-20954
-72088
-6298
-3978
15369
4658
20306
25192
7033
59383
-2420
27220
6989
22269
1218
-45710
3299
-38864
-54816
-45428
-21267
-32291
-64902
13572
-5523
26363
37024
34070
32745
56186
7651
15734
-1817
2401
-24330
11538
-16463
-17719
-21312
-5148
-41953
-49267
-37555
-1131
2833
14708
22922
21632
2976
36024
57449
7102
35820
32693
-13776
-10562
-14964
-8496
-13218
-30662
-28935
-35406
-16150
-39095
8619
47873
37708
2080
52453
5503
51942
27421
-5179
-7875
3278
5621
-31921
-44965
-42087
-20670
-16511
-25228
4510
-12086
10255
-5379
23868
30349
23680
26877
41999
41347
84
1292
22552
-201
13972
-32281
-34057
-36114
-33770
-7627
-2288
56892
22049
-24584
8379
30940
19565
27406
29682
19211
-10421
10517
-16113
-5198
-60386
-24155
-34018
-26804
-39896
-44409
-21938
-6403
-14636
-7814
12024
-1398
1195
1869
36415
29342
20229
63029
7383
291
-22379
-53099
-9712
-13680
-23759
-59888
-8008
-4613
34947
11165
7928
11136
26185
25594
48822
63584
-831
7012
-3488
-39404
-16387
-34776
-41179
-13404
-20359
-38425
-5046
-16181
-10145
9869
2628
19872
22697
28132
29184
58847
31902
2082
15418
3367
-3635
-25698
-53169
-22601
-25192
-42847
11414
-15803
13677
-6523
42316
22090
22467
46707
27327
54410
49330
12114
40635
-19919
-32977
-47419
-51496
-25860
-37919
-14045
-14252
-20490
-7292
-3906
22699
22596
44718
-16850
61136
8093
32832
-20304
10818
-29908
19089
-25914
-29530
-45789
-37425
-25966
-18871
-12967
-21849
-9049
26340
33523
17348
61106
31562
50489
7841
36379
4221
593
-40162
-25125
-355
-32375
-29824
-11088
-7713
-11558
4904
22245
19362
9789
49831
36498
32299
45142
-10000
29939
2798
-1849
-3620
-52622
411
-34973
-68388
-53404
1592
-7175
-883
15226
3269
32490
22806
37053
57387
36856
42266
29430
1643
-12922
-7613
-45645
-33292
-23894
-22042
-36479
-15527
-10002
-18950
-4897
12155
44013
43043
54466
45591
32017
19780
13499
21416
-5725
-2482
-27063
-65420
-37946
-28986
-37406
-20027
-34771
-11032
-2988
15522
34049
40445
49916
47688
19373
44406
11655
-16193
-25576
-34924
-47587
-9932
-37074
-14575
-34923
4147
-4437
-15475
23198
29154
960
8297
35040
19660
17982
31780
15017
17248
-5280
4639
-32280
-28850
-33813
-28989
-44396
-7866
-20592
-16575
52118
2278
-11111
26385
18376
60796
34836
23782
3494
-955
-39770
-30035
-8474
-50829
-45506
-22788
-21300
-6421
5118
-5397
49007
17018
41027
28953
37018
7353
32605
14413
-14074
4567
-48072
-12960
-9849
-41291
-25747
-25959
-37440
-17847
-29545
11259
26125
18782
17842
63727
4457
54709
41073
37723
31581
-41148
-2418
-18625
-25883
-43037
-59348
-46998
-20408
-18283
-473
12808
-8078
19015
34781
17630
56706
45557
20307
20770
20298
-10723
-41026
-12223
-25353
-50997
-10412
-22576
-27343
-9928
-8507
-10001
-17949
12238
32199
15027
16096
53334
37681
31091
-25076
-9027
9753
-13703
-60008
-16622
-31304
-13919
-55124
-4420
-17121
7259
-22581
27946
-12596
36383
32861
32208
40617
12672
3408
3195
12716
-26924
-38183
-54835
-6593
-19421
-19645
4329
-6408
-11222
4032
30197
58687
42753
28488
31059
33447
14505
-15216
-12175
-21612
-36917
-35136
-30232
-48668
-36058
-12202
-11048
-2809
-2552
18326
7667
24446
-6174
37977
-1701
14166
40717
37510
25610
-27998
-31769
-28771
-30475
-34365
-18442
-26323
-2276
-3978
4443
2398
26729
41170
53454
42129
5635
56827
10156
21677
-46541
30236
-38370
-38040
-36697
-27753
-48516
-10285
-52457
-10582
1732
5069
-10552
31860
15509
43522
27275
39845
30998
14381
3988
-14135
-7822
-41239
-33513
-34680
-38170
-33255
-28372
-1294
23864
28297
-2253
28666
37623
18667
28558
37603
3399
9609
15039
-11744
-1899
-18903
-42194
-8583
-28056
-49175
-32120
-26780
-37958
8301
22930
34595
38832
40162
18578
8388
24644
-588
2035
-19615
-23154
-9059
-41162
-74314
-37517
-23569
-972
-15433
-219
18706
29365
44444
16670
41763
21656
28227
40621
1846
25121
-10808
-28720
-15287
-47586
-40212
-36834
-40809
-8919
5865
-10787
22957
2451
35618
17122
18640
48234
19824
52
10904
-16332
-40335
-24558
-55029
-33767
-72012
-43758
-32289
-24813
-8783
-19756
12434
22104
14891
89827
52201
46322
26738
-11272
-3940
-9847
-5987
-32496
-22897
-17943
-38030
-52018
-24044
-13111
-33397
19696
9456
7842
18985
46234
32776
29077
15587
24224
-6807
3338
45724
-20449
-36709
-17982
-44676
-41346
-30552
-21383
-6530
8170
11798
4420
21031
26483
27836
53808
65537
9304
11319
7089
11807
-16174
-28927
-23889
-54601
-27141
-33354
-47071
-20198
-4835
8471
9049
37576
33794
11992
8937
40200
29687
-2950
-16354
-14311
-21326
-25462
-6576
-9342
-43107
-13883
-4452
4171
10329
17574
13665
15870
35764
43185
41981
2071
11908
17749
-77
-16072
-23070
-41115
-13616
-36860
-49079
-23975
-35184
-6651
-3288
24500
-3227
24588
35134
19927
31068
35465
429
18523
22261
-9537
-48832
-32647
-3746
-45001
-14327
-32341
-32417
-9227
-5423
23142
13914
3170
24309
13229
56748
37695
28382
27467
851
-16251
-53712
-4216
-37898
-25571
-31943
-19073
-22892
-21255
11217
33527
-1360
54300
62094
44981
47173
11813
31341
16579
21441
8021
-19583
-16907
-19288
-46954
-18219
-28913
-18140
5148
8110
31070
9102
17827
25427
29636
33848
14927
56884
17132
26408
-20795
-34880
-43526
-22095
-24793
-44760
-58642
-41571
-9803
12109
38635
30552
38759
28170
21118
-792
32697
-2389
-33049
19711
-11437
-12660
-45341
-34677
-30679
5514
-15658
-30932
-14985
-18349
27938
12805
48393
26364
31002
13333
13237
37397
26896
-1231
9041
-14935
-48857
-46363
-45513
-37128
-23190
-16257
-20809
5136
-6785
24421
-4196
28600
47683
33532
49315
15052
13299
-7364
-14548
-7955
-20170
-56197
-34257
-22810
-34595
-35900
-6565
11523
26397
59879
44707
39053
42103
44582
36481
14781
-18447
306
-34429
-22250
-34854
-33989
-6611
-11578
5783
-26059
-39555
21245
17957
22234
5615
32444
18400
28029
14236
10558
36945
32521
-18914
-27892
-15072
-18022
-58655
-43941
-45245
-11675
10938
-6157
20084
7110
19158
52107
36036
40283
40935
1830
23932
-12393
5954
-4631
-4426
-23984
-20189
-38265
-50695
-27617
1170
-7498
12146
36854
52281
29901
19138
19546
57377
-11019
13535
-5298
-11595
-48386
-50532
-5219
-61518
-6326
-31640
-23240
-16152
-15125
21625
13683
32770
46907
38350
30653
47819
-20
-5871
-3009
-40379
-9550
-36055
-36753
-42152
1397
-36474
-19524
-18304
2664
10884
31354
7013
25485
3012
35493
41873
25953
-3591
8413
-18814
-21895
-18542
-57861
-47360
-38477
-22163
-22958
-12716
-7913
40116
24510
10613
38017
-2221
46080
-8861
29048
-17375
-3579
-31641
-15531
-37531
-38451
-4470
-47729
-12601
-31823
-16689
20808
17961
26515
45421
21529
30038
37658
30205
34285
-18704
-14870
-30791
-44602
-16875
-38417
-50074
-34439
-54995
-39303
-5008
-28347
34764
-2282
25607
19288
29984
37914
46553
39172
3142
-2941
-6122
7928
-11773
-58016
-44786
-49601
-41917
-7523
-17818
26215
18741
24523
60839
24772
38811
41195
15972
22320
-13104
16934
20975
-14214
-62364
-338
-53740
-51961
-40625
-23669
-32875
49955
-5142
33753
37728
17294
17693
58721
38388
1218
5538
-1849
323
-3254
-10078
-15188
-27890
-3597
-40294
14848
1001
23898
6501
6583
35334
38973
40797
34537
37655
27452
-2484
-22395
-2614
-16437
-18391
-55476
-43363
-27890
-4476
-38885
-7978
3594
14806
5979
13128
22178
33894
39137
60396
-6928
26365
17093
-11777
-34788
-32189
-36674
-23295
-27165
-14774
-20571
-528
-1598
39495
7712
38519
68118
23244
32321
39113
20741
25756
4852
12272
-22804
-54826
-18232
-38669
-30392
-16169
-51040
-16012
9625
-27240
962
13133
23213
43664
9401
24443
29630
17826
1041
-1012
6554
-24451
-4530
-3280
-39051
-32941
-9309
-22440
-27122
14578
26395
29741
15403
26342
48045
29459
16094
720
-5950
-9639
-14278
-38013
-47479
-32050
-28493
-25950
-29349
-37323
-2814
24310
48928
34975
36670
40351
32934
13198
9274
-8681
-2388
-7111
-5489
-33205
-46871
-27413
-54698
-43598
-45561
-9159
5359
-6399
15433
37125
34976
28212
32199
23715
-1757
18431
12714
-5980
-13502
-20035
-25554
-40214
-24604
-18395
3298
-37827
-25099
20867
37820
31690
11545
23391
47772
46699
30856
-13991
7415
-41962
-15554
-28480
-18736
-34863
-48134
-31437
-21270
-34650
5045
-4327
37523
34477
22980
14502
3605
41163
40836
14497
-9665
-2322
-18379
-22031
-2888
-36096
-29242
-45753
-31093
6712
-9002
-20105
28479
35954
39654
46322
20210
32373
15123
17299
-14344
-5753
-22655
5310
-33096
-25867
-23630
-34730
140
-3445
16842
-973
6008
35398
42384
42871
47238
27704
17486
-7054
1514
-874
1284
-38432
-23265
-20588
-13192
-28680
-36968
-16984
-12956
9838
-7620
15703
21478
45363
47207
35097
8491
582
-28070
11557
-49477
-12923
-49900
-31900
-34958
-13606
3647
-14307
21788
-13315
-2809
37166
40086
35258
4217
39174
39264
12628
-2798
-27187
-22743
-9527
-29735
-32940
-21922
-39072
-25635
-30533
-26057
4296
33599
19700
45745
18993
29393
14354
26667
19435
-8877
-24168
-66631
-50683
-16963
240
-24429
-25892
-10492
-37294
17318
13123
5505
26574
32227
34427
46801
28552
21196
33818
-37204
-3671
-42779
-22824
-5543
-60578
-29346
-39182
-5629
-4946
-19745
20157
32372
10949
21553
55708
25432
41144
43789
25484
23004
-17475
-4642
-1609
-12172
-3039
-59040
-13375
-16169
-6194
19065
10311
29472
12068
34085
42164
31837
19124
35561
36078
7648
-29549
-18820
-28159
-72686
-37455
-20813
-14938
-52338
-14594
13423
-246
30471
9534
46703
55855
44495
23590
18520
-353
-7181
83
-17913
-24041
-16973
-23233
-27400
-10351
-18179
-31248
-1501
40844
15503
7231
34324
25454
44986
46216
17819
26336
-5523
-18415
-42965
-33965
-8003
-28180
-41859
-36433
-27054
4152
219
13201
21974
24677
4259
55128
5185
-16588
11928
21999
-520
-14440
-21796
-20127
-24659
-19960
-43561
-42022
-5738
-15237
-11489
-8710
2279
20283
40477
14794
56148
50908
39673
11839
-6979
7093
-18901
-21889
-13696
-61871
-12180
-34876
-47452
-14537
-15098
-4210
3555
36594
18957
23397
33532
4038
33814
-33227
-6367
-19990
-7619
-19844
-21415
-41036
-765
-34292
-19204
-21512
20893
-5524
-4184
21394
64870
28393
18849
26686
22956
5315
7907
-35383
-42734
-84768
-29841
-9127
-27263
-24499
-5411
-15721
-9955
14559
31151
43880
12910
28840
333
23341
6777
17127
7417
5847
2644
-2274
-63879
-32174
-52147
-14469
-29203
-20623
-9389
-4874
13230
44334
43605
34488
26911
-24467
8982
15892
6745
-5184
-36777
-28084
-43045
-13071
-8345
-11988
-21477
369
-14475
33089
31919
20188
41517
31605
41074
15099
23274
-1040
-21922
-21365
-27230
-14082
-48713
-22503
-46209
-9200
-17846
-12495
-19710
-8584
15642
47331
32120
16195
45759
24798
33497
1029
3104
-33163
-32812
-15096
-22431
-13148
-22871
-23566
-7307
2957
18510
36051
31653
23983
9415
21914
17715
17281
43264
-4921
10953
-34445
-24202
-27875
-40381
-16164
-36620
-6217
-30178
-29582
9946
41164
41188
44128
41796
60357
53667
21346
21612
-4343
-2506
2857
-12577
-43154
-10644
-16305
-11907
-21323
-3344
-1721
9025
9100
13221
4138
29159
22146
19200
20626
26042
-12327
2970
-15377
-47613
-66572
-16513
-39961
-20315
-21990
-28294
3318
13413
12744
35540
32741
43286
13819
48774
-2035
11252
20145
-7536
-2492
-9976
-36889
-18347
-28402
-30456
-11288
-22220
-26752
9965
22208
6302
50356
12825
18633
39952
-8992
-2500
3813
19295
12609
-32885
-37550
-24937
-16968
10936
-20985
-6025
-17109
-16200
12294
23592
13325
50388
56032
37763
49110
10546
-11878
-21120
-3462
-24929
-19204
-13459
-23901
-21254
-54314
-27865
-13795
25316
13220
-6519
53442
39279
33026
23248
46349
5427
46034
-2979
-26042
-41430
-31638
-30370
-39016
-42829
-17210
-31926
-5600
-4351
20522
-6280
42239
14282
18822
47754
54775
12362
13594
-19623
-36512
-20
-14236
-31731
-41248
-51517
-35637
5232
-14055
9332
11673
-2623
-1527
48381
36417
77813
24056
29928
12533
-10616
-23503
-35744
-9922
-40310
-48647
-34029
-37601
-21120
-40729
-19595
11123
6597
15946
61449
53776
27504
6782
3823
46402
-2145
-5733
-18784
-7990
-43776
-44889
-60465
-51535
-14846
-11564
12607
1720
26740
38786
62731
31353
28148
27955
20476
7326
30720
10168
-27762
-12950
-10783
-48060
-48737
-32169
-15491
-8168
-1700
13343
3637
12104
36847
29516
24353
-1556
22700
16359
-22818
-13420
-19687
-13225
-43297
-43262
-44521
-55682
-18202
-5007
-13167
-5509
-71
23269
48624
-13568
-5979
43528
7489
9076
19304
14832
-18765
-15738
-28073
-25014
-37221
-51192
-9943
122
-6599
806
-4565
17714
21359
26592
58174
32301
12658
15005
4794
8944
-5068
-10212
-28479
-26792
-13769
-25055
-44824
-7326
-15428
8895
11360
15174
49728
26482
31160
27698
-4165
29261
-2413
2999
-14813
-8010
-43314
-60932
-39587
-36981
-39160
8564
15371
23621
-10505
-1909
56683
34098
39743
20893
-8833
9209
-4357
33813
-38180
-32791
-46999
-272
-19584
-46455
-13991
-31240
-5230
59900
24802
8865
35027
21741
14420
11281
21167
22823
-1186
-31311
-31735
2533
-41911
-40221
-10590
-48273
-7706
-17285
-11872
25926
21566
31919
36677
36317
17152
7528
27841
1218
27454
-14981
-13019
4251
-31924
-26928
-34313
-1423
-15071
8952
-5875
-16296
18762
46214
43538
29094
31115
11250
30779
-3173
5443
-28684
-17810
-628
-29181
-26072
-35619
-47155
1848
14307
5683
16417
24607
3696
33341
44691
10979
44509
5009
8453
-14205
-15502
-3476
-41323
-24167
-36029
-27651
-33375
671
14824
1019
-21498
20281
49038
33749
26818
29508
-22652
15650
2513
-6388
-11160
-41962
-52487
-21453
-44136
-39149
-14901
-24484
1355
3859
5100
17384
10298
41327
49421
42554
32635
7788
-16988
-8399
10247
-9113
-33602
-47045
-49950
-45981
-30674
-25653
-23411
-18097
8988
22733
23576
950
5783
37917
20519
897
49419
17983
162
-19534
-28843
3223
-47981
-17515
-17917
-9285
-11548
29547
28033
-5743
31697
40678
29919
34256
47878
22934
37982
-14825
-17676
-23580
-18762
-24399
-17389
-21277
-21214
-7795
11837
13314
-16627
4896
-5071
62056
27253
29794
-2580
6590
25646
-17644
18527
-43610
-46834
-24120
-57698
-71664
-18324
-38908
-18387
-7955
30424
21768
27437
34162
-869
21124
27573
13063
-1379
1879
-51506
-53632
-30328
-60278
-42864
-39370
-32144
-14671
-8966
13154
7490
37063
39912
34710
64516
29546
34604
21153
31722
-21268
-24860
-24380
-28679
-34216
-40841
-45150
-51535
-45838
2657
-34292
15156
20376
34085
13586
36701
31282
39999
9349
40611
17534
-7064
-18796
-42020
-21203
-23825
-17208
-26803
-4390
-20092
-25591
-6570
43495
37094
10709
28727
36699
22112
45048
9308
-5227
-19277
-26455
-28403
-64651
-18587
-33909
431
-690
-29187
9207
-7427
2250
20612
7147
14082
33597
5264
-6741
33353
17027
8457
-10614
-27669
-9529
-5404
-39637
6757
-46553
-36254
-9582
1570
27622
38243
19529
48351
42600
2691
28853
27775
-16683
-19192
-2898
9466
-36849
-38080
-22491
-30729
-33356
-30589
-27184
40844
26019
31672
36692
19732
39923
46039
-7418
16068
2709
-5191
-19436
-20014
-49263
-24585
-27977
-32357
-11256
-18825
-7765
17552
12137
1108
4886
19877
61767
64148
18165
-15355
82
1179
22901
1765
-37731
-52394
-39243
-45066
2519
-17066
-2923
-4205
30068
11388
43064
16423
35730
18579
31369
-1835
-11850
-26563
-21379
-34689
-40251
-17473
-9973
-32262
12078
3760
28343
-6368
10998
41846
42105
54855
36759
32462
14031
1134
10565
-7057
-19854
-18295
-43485
-49275
-20323
-21841
-48076
-22343
-32786
21346
26904
29016
39102
21832
23376
27316
36812
19124
-897
8253
-20019
-36212
-16297
-27603
-49182
-44418
-31248
4684
9868
11036
16332
29669
53290
45106
22376
23493
28027
3925
18437
-4363
4244
-30420
-37776
-19
-56968
-38803
-5569
11153
-19202
23519
32448
48297
43827
38620
17933
47868
31361
-5055
10547
-22235
-40940
-33663
-30341
-13380
-34772
-24510
-13547
-29263
-4839
4674
7432
6964
13024
27234
20490
50430
7536
10553
-6119
15878
4397
-35695
-19348
-43327
-16149
8934
-25049
-22939
-19794
28826
28594
40332
27343
17990
21516
16369
4749
10345
-4629
7922
-27354
-13362
-47679
-1277
-28410
-26939
-25890
-18922
-7958
4333
40415
35280
31300
16274
3356
56267
16881
7838
-18544
-89
-34107
-12019
-69832
-25872
-28158
-18305
-24670
-49670
-15775
54609
35292
13412
39094
40390
-9260
21274
-13985
29165
15550
14215
14229
-25199
-39811
-27918
-27560
-29237
-22224
-26848
749
-11997
23587
36647
42144
47501
39832
40935
19048
3846
22869
-40349
-37429
-39563
-21552
-55211
-31888
-18289
-24740
944
10430
49229
-3827
17735
47214
30301
26978
14945
38384
22782
14312
-6855
-48564
8348
-44243
-23613
-5058
-24052
-21149
1565
-5615
-1710
-17176
23087
33670
57547
42538
43563
15732
32958
15134
-15806
-17707
-50343
-45311
-26906
-44463
-29833
898
-21517
-1857
-7507
31295
35597
6552
18642
22073
-16877
-1518
-2773
9028
-13869
-37887
-30768
-18989
-34925
-52769
22759
-15218
14729
44117
30516
17411
-7070
6008
25104
33607
56351
58553
24182
-20531
-13344
17340
-26134
-32215
-48911
-25554
-35417
-12130
8499
28930
9851
59579
56132
17296
60084
39149
11462
40077
25678
9680
-8398
-36870
12941
-9960
-4891
-23122
-33190
253
-32738
7511
-1715
19760
37427
46446
27003
26303
-14698
-4891
44039
5839
-1027
-40062
-33174
-64267
-59017
-56396
-57811
-42154
-30622
-13018
30213
52019
13534
35958
30059
11835
9703
-11584
24484
-508
7495
-31553
-33191
-22447
-33081
-7585
-40766
5115
-15580
-2381
2731
10401
54070
18028
53804
28864
25384
21671
8916
-21752
-26496
-12133
-31107
-28155
-21693
-28734
-33633
-20626
12186
11051
23285
34088
42173
18570
73586
28643
27189
-5396
27903
9372
-6981
-9130
-12325
-25290
-74206
-32928
-29229
-12127
-15053
2369
11708
16398
37571
32556
47145
21421
52555
5292
5398
-24313
-20723
1468
-18757
-46825
-24477
-42964
-61085
-28131
22465
3529
-22346
30922
58637
30482
30309
41097
12879
24332
51992
-14412
-8899
-12409
-19179
-16780
-36173
-43418
-27545
-50997
-13714
36567
880
25337
34991
37849
34059
20545
32509
23442
12991
10211
-12913
-38798
-39130
-19480
-15558
-41579
-48629
-36185
6770
15353
23284
35531
26033
33807
44795
46593
69169
3152
12005
7357
-29478
-44078
-23784
-42964
-32769
-47121
-28141
-17566
-47245
12694
-23604
23533
26873
35044
58282
5373
15006
6498
36090
22033
1722
-45333
-34220
-22364
-26863
-42038
-1256
-28921
-3639
33497
39170
15975
39164
59345
16841
47312
57785
36163
30865
24
-31644
-31427
-548
-29956
-18899
-48168
-56243
-53619
-5448
-35701
33968
38358
31555
48320
31016
1088
24443
8151
30852
5704
-3351
-25397
-41161
-26571
-39948
-8349
-32529
-32293
-13704
17727
836
17696
2295
33165
26491
23809
28878
19704
10084
49272
7024
8424
795
-35875
-40747
-58512
-42489
-23943
-11636
5329
12645
-292
21098
59644
27808
16034
22323
24779
3750
-7031
-15784
314
-12669
-43530
-45065
-59854
-7927
-21033
-14118
2953
-11309
4068
29537
25865
-1141
18435
30872
36916
11584
2392
-18042
-15799
-17569
-46052
-15406
-58564
-27266
-23076
17038
-5163
63420
14752
14688
69600
32463
26936
28914
2723
-13968
-10637
-8970
-402
-6497
-23204
-12969
12170
-15742
-3333
-15097
19816
-8493
13797
12322
21938
65690
27782
19469
36361
4915
5309
-985
-33590
-32367
623
-30497
-16146
-5391
-9706
-8045
21233
-10721
39263
-8358
10233
25684
29749
-502
32125
8862
-18160
-29863
-35179
-40365
-33261
-33664
-40872
-27912
-29991
-7199
25652
24390
12482
28920
28519
25692
25970
44920
10222
13278
10206
-27238
-44210
-13755
-24774
-41609
-12450
-21264
-26006
-17429
-8309
-7984
64474
-11107
35686
32862
9952
24098
25715
27115
1867
-502
9728
-28312
-40644
-56413
-17113
-34932
4276
-8932
-2224
809
10737
5638
41082
25824
41735
-1434
24955
-4985
-25855
-14010
-9085
-9457
-10789
-39021
-47015
23604
-28339
-21765
7840
-7614
8254
1311
27870
14193
37578
29620
7403
3797
-9420
-7343
-30067
-22038
-45149
-23098
-33888
-60261
-16116
5449
20834
13904
43619
37903
65840
37146
39061
33688
28441
23818
17543
-26350
-40554
-4524
-15259
-46691
-31973
3919
-38281
-4711
-22780
12976
24325
23514
46678
30528
50698
44556
14726
14414
3466
5790
1222
-13441
-30707
-47356
-52291
-8404
13601
-5663
-1123
25536
-8370
22248
-1692
39809
31645
31919
12228
-20529
16354
-20875
-16304
-10863
-21736
-46358
-35432
-30058
-2954
11037
-17456
-6577
21413
26490
34477
15524
9124
25211
39603
20541
-1946
-16427
-37714
-11701
-17093
-35492
-24784
-22021
-3999
16881
-28943
5072
17935
5512
26389
46141
18703
-8048
2495
14854
-12534
5460
-28435
-22704
-40971
-22378
-58125
486
-22856
-12394
-23444
10099
18105
6689
40972
65855
50741
25475
28431
13648
6915
-44067
-34164
-31184
-20738
-26768
-32843
-62018
-42694
11888
2262
10413
13715
74275
19909
30436
39991
48271
17114
26021
16361
-5819
-40860
-13297
-29455
-7263
-44956
-26567
-27536
-40356
-17245
-22033
47062
30485
41039
36156
49568
51410
12606
-5704
18167
26792
-22863
-38979
-25684
-48236
-43942
-15394
-22864
-1465
-8254
19750
24897
35022
50451
47108
5867
56474
-1143
-18841
15715
-22949
-50380
-27219
-961
-18059
-19777
-44049
-32498
5023
21778
28412
28398
9759
28126
52996
54364
33136
21128
15883
-7676
4064
-15400
-18613
-33438
-27356
-41154
111
-23664
1662
-31840
26647
13422
36887
24349
44164
22596
19625
3584
-14373
7146
8219
-16503
-37162
-49845
-48680
-1803
-24733
-36879
-28387
-12108
6679
52734
27345
10820
20958
15085
48817
52610
35747
-5497
9990
-19836
-28495
-48848
-36680
-43828
-30170
-29567
-15483
-25812
18998
-1577
32192
21084
19035
884
21642
34388
37761
8967
-30841
-22694
-8327
-22781
-42852
-27294
-11618
-25456
-22291
-13108
18688
27460
18623
6438
34630
26831
27900
42614
15143
-13592
25050
-30246
-34545
-22083
-55160
-28865
-27158
14535
10381
6484
-7685
27790
20667
22542
2302
-6365
32196
26638
3932
10402
-4937
-41978
-46637
-11876
-25262
-36376
-43646
-15022
-6102
-30345
25576
20262
31989
9522
59756
44860
12977
15917
31
6820
3099
-13222
-18758
-22385
-50472
-19485
-40793
-9178
-28056
18021
17010
32244
15450
44021
20438
25051
22075
27637
31093
-3836
-13510
-14209
-37532
-7326
-15490
-15725
-34108
-45216
-24292
6973
-323
24354
15455
34470
29711
37616
-796
40843
6875
6298
20335
-19081
-7729
-36536
-15956
-23541
-26368
-23918
-1052
-15351
-4864
35325
37292
40463
26390
31339
2543
-2119
16917
-17582
-7886
-44790
-33824
-46544
-23653
-31010
-22048
-38037
-29595
-20608
27670
29140
29587
18239
15143
47406
34649
1272
37136
-28902
-4793
-8203
-23996
-46972
-28618
-34635
-23201
-24422
-1709
-8217
-11162
34164
42512
44913
6516
38403
8727
33893
25621
16618
19656
-42637
-20170
-5309
-32246
-30717
-37997
-1087
-5770
19854
-6788
5649
27200
34339
17223
37219
21953
40099
11033
4313
-24788
-46704
-64596
1755
-23011
-6822
-28915
-44849
-28771
-19364
-29268
30491
10921
36031
35144
20225
47301
24364
-14960
-1430
-5267
-27485
-21024
-10303
-25500
-13084
4968
7987
-4370
26715
-15044
19904
36843
36741
28315
-3353
27108
-1216
-6
13618
-24053
-5448
-39097
726
-15600
-49421
-14372
17925
-53525
-7983
-10853
24796
40914
34364
32889
36602
9078
2681
22847
-8849
14584
-2635
-42227
-25094
-20872
-27979
-36153
-2221
40806
1158
18673
45754
19026
17236
35336
-4407
12586
4439
26802
-8404
-24919
-27665
-35620
-11038
-38662
-47199
-14656
-12713
2444
-9822
-12258
23737
25610
30302
25025
36973
28050
16270
4252
-39807
10006
-6787
-27477
6724
-12790
-39916
-52571
-36934
-29032
8598
11489
43318
6993
36078
36100
24473
5969
36217
43388
14490
870
-39059
-16526
-6579
-18416
-28717
-31236
-9684
-26768
-22809
-17614
14423
12674
50870
30001
44797
-10020
8996
-5528
13133
-2041
28073
6007
-7027
-39509
-75621
-16849
-20347
-14798
27746
-39892
11022
-7456
10306
39432
47575
21625
5585
37148
7643
5120
-1075
-4540
10991
-20442
-19565
-20462
-9483
-10453
141
14136
-18024
46329
42633
37906
44633
17566
3420
20001
18904
-694
-24138
-51513
-16044
-23118
-8825
-17835
-25501
-2276
3784
-13176
12807
16212
22779
28335
15860
30521
24682
3203
-6755
20384
3783
-44227
-21230
-40593
-37381
-38783
-43592
9379
-31626
8112
22959
-665
44998
35969
28195
18069
14414
20675
-30844
-2566
-42723
-28263
-12911
-15757
-45760
-21481
-40202
-11288
20828
-20407
47817
38416
9418
61932
41812
41295
24235
9402
19070
-28915
-47237
-29746
-31916
-49169
-27447
-15065
-3443
11404
-2714
2483
16953
19719
29767
49448
29713
26466
-4070
-4947
32083
-17543
-56071
-30520
-51208
-44837
-23691
-3520
145
-37947
28764
-17103
47453
11904
27025
76791
41383
57271
23677
50199
4016
-15719
-54234
-4689
-22968
-36831
-3286
1745
-35487
-14973
-21459
25638
14774
32244
23775
48008
35173
32733
40958
7499
-37131
5119
-11580
-18002
-22375
-19212
-11183
-24743
-30552
10960
-7178
-4679
33896
42718
23075
50930
36308
57614
19424
9730
1229
26190
-27123
-30327
-25861
-24636
-49069
-35171
-45701
-23037
-2511
858
-16703
22595
11937
15984
31563
22827
17574
12690
2831
-19647
-1482
6252
-52404
-52801
-34205
-61855
-28590
-47400
-15298
-11377
23619
20238
36813
45825
46431
7169
38514
6285
21303
7653
-26670
3498
-12285
-28036
-38148
-21266
7649
-23058
-15156
15842
26498
39524
40460
16058
66606
38612
25796
18668
9175
4017
-9450
-33933
-44448
-57369
-47367
-38212
6635
5467
10999
32389
33593
19857
12597
43093
57408
-872
2533
-18115
-13874
-28179
8100
-38144
-47068
-21475
-12432
-47175
-31251
-20882
-6606
8270
15981
25092
34549
33942
31377
39230
10311
13525
1296
-40669
-14314
-36917
-28547
-41242
-13826
-41703
-35846
-20026
-7102
19063
14886
-4711
50590
26973
31332
18230
25675
5607
-12113
-18914
20210
-28149
-38265
-43099
-24142
-31941
-9276
-5230
-2801
-4934
33388
38589
26332
13953
59468
48108
36853
8256
21911
9609
-15079
-26087
-39946
-40950
-52983
2131
-6516
-4910
-28079
30474
16816
32089
49298
45082
55704
1268
-20697
-2376
4175
-27508
-26257
-31210
-19559
-40986
-35600
-23965
-11948
-24362
-9316
-5796
-4686
34627
29767
41906
34267
55254
8919
6233
24058
7220
-58040
-11307
-5268
-29967
-35500
-21057
-37898
-1752
-21654
6861
31172
34155
-7255
30351
21028
19427
15926
-1447
-5733
-19732
-26153
-13436
-31846
-42844
-36222
-16038
-8334
938
9942
3221
36607
-11842
25037
35718
47928
23656
17654
17922
26217
-20798
-20471
-20287
-22604
-29108
-19806
-46757
-22076
-18329
15600
13169
-1737
35153
32904
41119
20627
10819
30435
10893
-5918
-29937
-34285
-10466
-30816
-37488
-50425
-14490
-39475
-7000
-10781
10005
9263
1216
15585
15111
73360
41201
5777
35281
29531
-18184
-31995
-67917
-36042
-42212
-3686
-39825
-4207
-37993
-7554
2886
23173
25205
1483
25416
33671
1696
1611
27304
8460
7618
-30247
-60163
-35341
-38329
-25730
-9623
-7389
10047
1859
10643
28835
41498
26323
46558
19395
20759
24598
11557
-40187
14429
-5255
-14671
-31502
-31148
-48639
-22334
-10836
-1683
-11751
9569
21107
24693
-2315
42591
37523
34452
11164
22687
-6195
-26085
-34566
-5693
-41547
-45328
-17799
-46593
-23562
-14673
-13181
25926
22157
39119
17493
26651
45574
2394
14823
9583
8713
-4361
-38016
-56202
-24945
-40044
-28745
-8800
-20187
-7275
19395
25314
29964
12965
28658
23876
37949
38798
-2352
5597
3990
-5194
-18141
-54768
-36123
-20348
993
-14223
-44766
-3579
16838
19148
3705
17764
36987
54359
29885
26310
37979
28894
5897
-29032
-27779
-16231
-15496
-23961
-38350
-22489
-41616
3340
-9438
38998
12246
20672
23867
65579
39112
1248
-1992
28011
4325
788
-38541
-37746
-25682
-61550
-31017
-19171
-35382
-15633
18979
33953
2114
32778
33550
14751
46476
17936
29394
-10237
-353
1164
-11318
-34667
-22321
-44968
-49482
-21353
-7175
-3230
-15847
19894
21755
26985
26433
28530
47630
17683
6861
12952
8293
-13090
6878
-11586
-11851
-13941
-35322
-71884
1342
-18499
32047
14817
935
4978
22104
30425
39509
11302
42341
25019
-6417
-44319
-20440
-22189
-17852
-41368
-44046
-15183
-4518
-17585
7596
7987
20837
27373
16287
17178
33453
32927
-1047
20248
-14004
9034
-23000
-35876
-15799
-36135
-30600
-57113
-43490
-2881
-12832
14004
26336
-3546
43001
42433
23318
39723
35
31445
-3340
-41403
-42291
-36605
-25113
-52257
-37083
-13549
-29305
-23661
19122
1636
22462
30879
35961
26203
23333
10671
46161
8610
-19344
8703
-9507
-43329
-57732
-25918
-26478
-22980
-54662
-1110
7765
29496
23727
12398
16749
9481
57300
19493
6107
-15753
20595
4089
-30180
-10852
-40793
-41947
-37626
-47929
-33710
-10233
-6069
5855
26287
38179
37862
17987
44995
36129
23235
45959
41813
13344
-37790
-18207
-15723
-18303
-32766
14529
-33256
-14216
-17533
-1090
13229
19949
47276
31789
32597
26533
43035
28725
-17630
-1363
-6201
-34394
-49523
-34473
-34600
-27513
-20845
-16977
-27825
-4019
12138
15202
6254
28826
73913
33098
5355
4019
12861
-1904
-5564
6528
-51385
-30443
-40561
-31492
-29525
-20449
-8843
-27330
11730
9107
33019
35732
39378
26929
12233
8715
-9058
-714
-320
-38947
-32803
-41336
-34915
-31509
7823
5703
-13390
30715
28371
10703
48749
3304
34870
55543
-2588
-2693
-19591
-5743
-47074
-27970
-55648
-32697
-31394
-21279
-16848
-33250
8458
24369
19378
54300
12517
59816
32809
6013
18086
-654
2177
12345
-22610
-64413
-21441
-39352
-26754
-26631
-7502
2997
-4236
11006
20715
26760
46271
43012
22701
24825
19877
530
12325
-30021
-19659
-40769
-28973
-35860
-50870
-24961
-29128
-7518
13408
27254
19848
28619
36644
35896
55901
27739
47943
9003
-5156
-33427
-9041
-27850
-22213
-46193
-4827
-12689
-12909
-16505
6804
7283
39921
6514
30279
55959
65421
29100
26725
13755
-20721
-22128
-18198
-35350
-30923
-21948
-17056
-48183
-26851
-14616
22075
16100
2793
16751
19177
26319
46521
29133
10992
20619
10470
-49106
-22989
10241
-24741
-46224
-36569
-9107
-25119
-354
-2027
9878
14336
20742
29539
45179
47573
14507
17598
3245
-14103
15241
-16565
-27967
2013
-28137
-31401
-29844
-23387
-27597
4149
40355
-20849
43964
44784
54319
37593
30095
34023
-2752
-49688
-7858
-27210
-7120
-59839
-52438
-31660
-21481
-5698
-2578
14827
11016
18867
39824
26277
2684
63081
41984
23667
4129
4143
6360
-768
-8869
-46804
-22661
-39502
-37371
-49306
183
20787
-25666
216
57995
23484
53493
21221
45904
9767
19311
-17767
-28415
-5013
-29230
-28417
-23692
603
-40408
-42573
-21559
21713
-7810
20963
42127
68514
38422
21001
31335
22564
43088
-25624
13676
4156
-8688
-25699
-15993
-61273
-37591
-1178
11689
-15848
22435
10024
61
58347
26480
44849
-3343
21519
45100
2311
9948
-29910
-10396
-36651
-20642
-32912
-20376
-9271
-22918
2348
728
34451
27773
35785
45461
44511
33446
31526
-2355
33791
18052
21476
-52884
-27123
-38060
-43592
-2786
-13705
-43607
11623
-6755
44414
5297
36428
30841
27831
36131
3846
11407
32440
1291
-28186
-32555
-14901
-35551
-6217
-14272
-24123
5808
-24554
32780
13959
32602
22047
37578
60415
19259
23370
-2631
-2646
-6632
-17671
-6406
-10018
-17440
-32180
-29255
4472
-22874
6392
2713
35878
34260
29177
51753
47202
30821
-15817
-2135
-19085
-10905
-30979
-65811
-37135
-58300
-36252
-24206
8469
-32107
-2561
32443
16038
49711
31109
16236
22231
44720
11982
34126
-10043
-15954
-16719
-12495
-12335
-40371
-7709
-34905
-912
-18328
-2389
-26064
21963
21135
40918
53368
36037
19734
43769
-16242
-9228
8585
-31659
-12678
-45632
-36521
-41571
-38415
-26939
2078
-28389
13791
-4129
21513
29655
52664
12980
22228
37491
-9470
-29787
-1213
-26851
960
-47918
-32251
-25132
-26547
-21854
-27982
-9078
21612
37209
28903
37126
41905
64155
16976
17821
-9819
-14886
-7843
-11274
-17580
-23884
-48485
-21144
-34606
-24360
-47516
-17318
-20169
13504
11224
23741
37096
8388
38726
34290
7216
-3233
-12935
-9415
-25104
-43500
-45822
-39180
-36334
-26502
-7697
-9960
24221
14342
32712
24405
43790
10162
1404
7218
46902
27400
1689
-22337
-34262
-35255
-28709
-6585
-15656
4236
-29241
-36235
4260
-1143
30472
8719
39914
23043
31645
16538
32897
-18084
-15448
-43085
-53397
-9625
-38292
-29989
-36952
-14237
-13274
2386
-4985
13704
50989
43456
35966
16975
30416
-15572
26295
-4599
-9485
15639
-17124
-12510
-16720
-36891
-27474
-18529
-16129
-3794
-20572
20242
24009
4701
23416
9239
29407
2014
16917
-2575
-1958
-7324
-44580
-33919
-60610
-45549
-26327
-28744
3860
-20068
-805
44396
39223
-116
31551
32760
7188
50624
-1192
12625
6625
-10670
-23562
-21881
-49404
-47926
-31774
-56745
-16634
39928
15766
23933
23156
29455
20907
53687
20509
24471
-4631
-14498
-20093
-30101
-50962
-32164
-56682
-29822
-18385
-7837
4641
28672
-3597
5400
45362
54486
25466
20032
18149
-4573
14247
10763
27823
-25256
-29167
-25089
-28138
5964
-20957
13906
4286
24270
-6001
44471
12019
52884
13641
76182
37982
23176
7424
1106
-7943
-17168
-21024
-48549
-39586
-23707
-25720
-25706
1476
14839
4709
2978
43927
26973
22952
60028
44194
4385
38588
-27550
-493
-2048
-30525
-57569
-43332
-40284
-15918
-19960
-9813
15789
-505
5917
21919
9208
13436
27264
13960
5185
3815
20955
10325
-15355
-22988
-43670
-49556
-42209
-8256
-3664
3702
-6150
26351
19937
8214
48764
21624
21430
16816
38316
-10033
5021
-7260
-7999
-16754
-14511
-15485
-37442
-8782
-17485
10015
22209
25003
13686
30665
32258
36300
20586
27798
19045
32193
3631
-38580
-33957
-22261
-50384
-38095
-13010
-16455
-25640
2029
-9733
-5188
30943
42812
-26
44878
5876
32766
46405
13833
14089
-19962
-34779
-52185
-16679
-40392
-15506
-24862
-37982
3715
7541
11414
5434
4715
47795
45443
66199
44541
16894
-15640
-7115
22553
-12091
-19327
-3654
-47043
-39039
-45467
480
19542
18288
-11878
31512
18880
34487
23425
45227
10455
25704
37189
-16875
12202
-40854
-47648
-17776
-39393
-3242
-17358
-3341
-25524
-10828
44427
29358
1886
6512
4890
26985
69949
-10815
12420
31415
5851
16597
-55149
-32419
-43779
-39842
-5364
-28958
-5453
19713
18753
42414
16302
46187
8003
39611
33331
12702
20113
-38817
19889
-34625
-19471
-21130
-59481
-38922
-53506
-6512
-8842
19884
-6113
33915
30613
28642
51085
6215
17406
12612
-4478
-8144
27136
-10032
-22132
-27992
-37071
-29392
-15247
-21417
-34394
10315
-13756
23516
38389
23372
40483
59626
28348
17200
30457
-9880
17097
11852
-22854
-21192
-49185
-32516
1997
-14330
-12526
30543
3095
18254
26157
56241
44420
24094
38774
11069
40763
-36785
-3245
-1053
-25950
-50613
-17446
-39666
-14335
-23489
-341
-3051
24823
9348
65622
52140
45421
20583
39246
13938
38820
12207
12675
-22156
-34319
-26896
-39880
-42845
-4781
-35668
-6238
26950
-8507
38318
25003
15836
13364
41138
74590
31432
3373
34311
-21651
-24626
-11436
-66645
-49829
-28343
-19580
-35100
-6573
2343
10766
34029
20905
37157
23667
13278
33013
-44894
2451
-9875
-3377
-13930
-8675
-39971
-31610
-37722
1974
-21414
-24941
26744
-19216
8661
11083
20473
22956
54523
31144
61816
1665
-1267
-10824
724
-22817
-32088
-35366
-9262
-19290
-23790
-8248
36427
35038
13005
21885
39586
17978
27099
8435
-11441
3176
-1952
-1499
-20846
-55151
-21101
-45032
-51576
-4818
-11566
-9276
2723
37904
10762
16952
4358
50669
39932
34077
2642
3965
3434
-1196
-25457
-57809
-46839
-28992
-34265
-963
-48761
-33919
4704
-11444
37362
36990
27807
11294
33185
38046
25015
4015
-3008
10612
-2643
-17382
-53089
-75517
-45840
-41856
-26808
-20298
10144
-1011
46604
24545
32107
89
16985
-14218
12438
21461
22661
-36825
-53465
-20220
-28878
-48844
-21094
-28598
-12702
-16968
-14070
25917
37329
50045
23764
24606
36780
16760
25811
-1910
-3342
-33297
-50815
-23677
-36186
-45810
-32847
-32451
1984
-16920
20283
-2306
4931
-4094
37788
38789
57361
64499
41367
15619
16808
-8418
-21441
-36052
-19320
-27498
-49068
-17322
-3356
-10165
2060
17201
6755
14273
54838
49325
51017
15828
36522
25689
14371
-14064
-17353
8039
-23062
-57797
-33963
-58655
-7266
-23662
-1644
17242
24236
3045
19967
16165
22610
58606
23856
-14056
11471
-15887
-4670
-32661
-30159
-12278
-25802
-4250
-22455
-12397
6949
3441
25163
35844
24998
16524
24005
21725
29891
10554
15639
-22467
-11861
-12970
-21896
-45211
-22393
-36100
-19152
-18320
15616
-19146
22395
24083
13853
34812
24823
43750
-12583
14460
8814
-44855
-5675
-5530
-18719
-5211
-20682
-59276
-36642
12148
-4458
-7787
-15471
6747
19636
42310
41310
53694
35825
-2377
1577
-3864
-10367
-46463
-43361
-38689
-32945
2509
-12864
-26508
1799
10500
16918
49883
63509
35062
35886
6566
36111
-3770
4108
-5579
-21756
-18560
-30020
2840
-6419
9146
-3144
-8276
3224
13449
34315
21428
36428
19655
47891
18428
-2502
5551
-8648
-24250
-28810
-16087
-32347
-58608
-7427
-22914
-6727
-28735
-2577
28984
829
33523
57837
21123
-2706
-6597
17831
33078
-5465
-13673
-47187
-21076
-28847
-21596
-42761
-2354
-21751
-37653
-3407
32989
27204
-3332
60298
42093
32528
26078
15961
6102
-16591
8910
-20819
-10065
-20937
-30842
-23961
-41228
-10665
17146
20190
15671
27289
26217
15025
21200
16686
18905
35792
27641
22700
-112
645
-58074
-30069
-75841
-11349
-37357
-2345
4341
-7327
-3944
14212
23083
33380
28384
38450
8724
17258
4301
-2829
-21004
-27925
-23696
-25779
-21645
-34085
-15786
-12483
-17095
-7813
21556
-18406
45741
41902
13259
64563
25371
37527
57943
-11628
-7652
-68510
-43911
-40496
-17003
-39853
-23663
-23264
1526
43885
8444
4403
17679
22408
22590
65995
26819
20976
-3883
-8988
2303
-17849
-13141
-29733
-41966
-6032
-24234
24520
7952
-23845
-8413
3496
20233
31249
44771
55501
29753
20550
-3211
2337
-5563
-12373
-3261
-49958
-23700
-54011
-5898
24005
5741
-20972
12539
12650
4403
16001
642
20563
44481
25461
-30448
19005
4570
-39211
-38204
-25243
-54895
-48804
-43503
-10938
-9201
-10515
-9159
13584
11018
53921
549
20865
4264
40605
21635
-13847
-17060
-11749
-22497
-75957
-65447
-39539
-7205
-12065
-27118
9664
-1211
-78
28001
24070
29915
15124
26688
7335
-7624
15676
-10308
-40028
-4473
-44041
-31236
-49558
5582
12832
-10437
-11788
26282
25047
25215
57581
52642
34019
36468
18994
16501
13226
8814
-33554
-24589
-20089
-54178
-32953
-37207
-24051
-5778
-11827
23492
21831
51890
29940
28274
34871
35738
37745
-7643
9014
-32071
-7802
-45482
-31353
-7501
-28561
-37550
-28614
-9006
8631
-2067
26388
14905
31651
37175
26166
25527
32751
4861
-34482
-273
-37443
-20080
-40170
-15482
-55572
-37496
-13203
755
-1095
1952
265
28945
10307
70223
27153
35583
28885
23793
-7764
18115
-15270
-23057
-26944
-14077
-11475
-29009
-52045
-24734
-28561
-13256
25969
11900
53318
43061
20355
25859
34640
14356
-11514
17046
-15363
2618
-11489
-29535
-35601
-42060
4065
12421
602
997
21480
14477
24851
27870
33180
25526
36843
-3948
19409
8427
-9827
-21474
-51899
-20211
-30136
-33359
-8780
1209
34291
13440
-6763
938
10610
11892
22172
42037
9330
-1936
-26543
-3093
-17479
-32204
-31329
-40661
-21278
8346
-12159
8704
8332
11737
55793
-1144
22991
55158
27051
35300
12146
33828
14622
-18870
-23764
-36654
-20124
-71559
-16642
-53749
-53799
-14660
21323
37506
41727
3208
46376
23879
-10060
45110
1134
-10473
-28124
-15462
2297
-50241
-801
-41707
-34626
-18313
7027
-24038
30289
18857
-3528
2053
18944
23083
62755
1845
68356
-35131
-4532
-16395
-14860
-19461
-45768
-25954
-59343
-40534
5573
5184
-17020
35126
16277
27206
38961
35590
69101
27630
21518
5401
-23487
-3775
-10151
-17535
-20992
-16320
-43840
-17349
-9355
-17393
-448
-3205
25640
20920
62575
40405
26161
14609
-24401
13798
-12848
-6319
-43914
-13686
-42094
-26115
-43703
-27657
570
-9005
5300
30624
11987
34042
48640
51455
41544
70398
-1591
-3683
4807
-17555
-11204
-49034
-29861
-18759
-47714
-32104
-52376
-23785
5001
31305
39814
30718
21270
9295
44123
32705
10058
6109
1175
-22667
-30406
-31160
-40451
-10037
-27335
-17049
16062
-16183
-4825
-11440
26951
18540
18839
43469
8559
-15759
46729
31984
11028
-40274
-25900
10959
-17751
-44566
-40327
-32437
-24256
-26240
32752
26115
25540
51595
15677
33554
32837
7330
30303
6888
20859
1289
-28666
-3051
-12154
-17968
-16789
-32796
-43334
796
14427
26676
2085
16939
44354
44791
45162
12215
32900
16593
11860
-50498
-34129
-1265
-12879
-60350
-43261
-65172
-16090
-12086
-11401
-4407
5151
-2455
7870
40688
34763
44764
27815
7938
-5276
-32463
-29642
-29355
-37050
-62602
-45018
-44470
-13766
-11399
-9004
-7029
2619
-10596
53549
16793
-9517
20232
28553
-4320
-4527
-8573
-17917
-7986
-55774
-12391
-7319
-17585
-34320
-30038
-7937
3069
24009
41818
46902
49377
30385
24080
21801
17494
-16453
917
-20129
-55621
-41183
-31519
-23956
-16367
-13421
2422
3709
3367
36628
27334
29853
13748
44337
13964
33394
-10922
3779
-16694
-20731
-49424
-40337
-17061
6611
-15132
-49614
-17790
6837
-1167
53028
25518
52219
37448
32362
56556
-455
1978
-25732
-5588
-12209
-17771
-13749
-53881
-7738
-56772
-10382
-41808
13253
14167
38983
37624
52278
23025
5130
-6345
52502
28696
12502
-1504
-35312
-24265
-35533
-25311
-40430
13985
-39670
2716
10772
5520
69418
19357
29058
68574
58924
2101
37547
17095
8898
-19288
-40856
-48924
-50422
-42709
-50493
-9996
-15217
-6444
-19964
22080
-21881
15971
40921
65574
24371
40741
56069
-120
-11498
27787
-17329
-7821
-26121
-20488
-20389
-19350
-64990
-18838
-7433
-4321
6492
18161
11422
33496
18183
14029
-7496
24513
-30273
2926
-19312
-16113
-41840
-23971
-15767
-22825
-16585
-9639
-2182
12797
13376
-1864
48640
22265
29541
23812
29680
34740
-35806
-5400
-25913
-48970
-37050
-35406
5390
-50511
12394
-9672
13629
3081
2000
37297
44026
47833
27263
42755
15998
31719
2373
-14205
-46973
11102
-19375
-39562
-27830
-31708
-29529
-23584
-25526
32628
33462
23312
24879
49233
886
-20281
5184
-5645
23017
-24108
-47344
-51545
-39252
-21334
-73337
-35091
-31851
8971
33922
19000
31363
16044
14328
31338
43513
62781
23659
-5918
-15965
-28528
-8720
-20255
-28742
-24882
-32697
-35328
-12080
-508
-16854
-28000
8511
7545
16408
48768
18735
24694
66317
10503
-16300
-6540
-42888
-38986
-40111
-32574
-11386
-23940
-22457
-6388
-19675
16856
8963
34555
25334
17887
2932
29137
26865
620
-22368
-29247
-2374
-38627
-26525
-33030
-14835
-35549
-18937
18283
12096
46017
23103
37834
49325
48791
15865
-7179
28815
-3814
34920
-1213
-7709
-14582
-12241
-37692
-32243
-22862
-1904
-2044
-8544
25771
23831
10086
31677
14218
18991
36270
-11999
-13302
22965
-3183
-8672
-9360
-10605
-27823
-17266
-38861
-24122
-15512
-11186
1529
26626
22728
33697
26288
32195
42211
-8943
32469
9367
13215
-1887
-46952
-33278
-40457
-54720
-352
-24993
-14057
15164
7921
17182
34060
41987
46133
40829
40202
12722
-18668
32317
-19851
6605
-1184
-16346
-21585
-27881
-29465
-26355
-20545
-9598
37977
-14455
23133
24637
47756
35466
10732
40439
36140
4679
-8186
-13040
-33923
-8361
-63186
-6951
-39244
-32723
-7479
5596
19120
29199
4520
42676
43971
42729
29439
24154
-3721
-182
2987
-43743
-32956
-52894
-10844
-23682
-5245
-25352
-987
9883
26987
23311
35169
4363
52883
23057
15345
-8016
11738
1278
-4378
-8764
-31452
-13568
-40191
-50984
-33265
-30624
-7515
7027
-8356
24084
18119
46014
20788
29744
18194
15026
18730
-12067
-32788
-35351
-48590
-23384
-29428
-19094
-39322
-13595
-19601
9971
19436
22447
57995
13738
29262
31269
29580
31463
33609
-10918
-7440
-52270
-53545
-28970
-33127
-41443
-52266
-25491
7846
5882
-3569
18589
44221
42413
-4671
35025
39497
16622
-8637
2548
-2916
-26992
-31699
-31341
-25522
-25326
-16065
-24119
-24338
13234
21026
4474
34503
41615
22061
53956
29000
-3601
15241
18782
-22025
-23350
-4135
-18295
-36826
-37992
-19359
-11366
-4981
-11668
11429
27573
50502
53366
30420
26656
21301
50741
28042
29740
-7789
-6742
-54143
-52154
-30514
-46349
-52240
-22798
6728
-8901
5995
56508
54752
18504
32996
-5500
34819
20816
16349
22035
-741
-42364
-53035
-28141
-43079
-46627
-63324
-31330
3839
-10728
10036
8801
30212
28928
52876
13457
32484
21738
-18544
5154
-27380
-41279
-27829
-11902
-24586
-6497
-33331
-19149
-1757
14450
-1028
12475
24836
30089
37848
37739
20386
22746
24434
-19650
-18659
-58118
-5631
-14714
-40854
-39194
8954
-15986
-36190
20210
17110
39422
47991
-7398
28617
70337
26955
10146
11371
21411
-11499
6459
-39680
-52596
-44876
-40416
-23105
12361
-31837
-30115
-3107
-7892
29277
29651
17876
40456
3099
15117
14474
-3540
-8777
-26430
-36141
-35678
-32513
-40395
-25267
-5172
-45843
-7940
11531
18075
56982
45841
41990
43169
9594
30046
5048
-32145
-45400
-7036
-37155
-31552
-38273
-48206
-35304
-12442
-46875
5013
-4771
34174
25630
28665
16842
12738
45019
2063
26985
17226
-8625
-10966
-32983
-39746
-11583
-74398
-33223
-22990
-22949
22603
9343
27934
18921
36295
-7348
51479
38410
7272
25666
16535
-30717
-8267
-21659
-39882
-34234
-721
-29483
-30889
-216
17058
9199
15504
44212
58790
29038
43023
-4501
7740
-614
-22706
-9466
-33013
-43364
-12973
-31290
-12455
-21529
11151
9
10680
25483
4956
9300
48793
47566
17789
24764
19027
19653
5617
-34157
-3647
-24934
-27910
-27762
-27820
-30984
-35621
-14954
-6837
23729
58661
15057
44981
39832
33692
38800
26997
12022
-21122
-22884
3464
-13331
-23469
-11088
-23830
-25245
-24185
-18471
-1302
-14598
14572
48995
28369
35662
35656
62545
2098
-12169
10491
3324
-28173
-41549
-34265
-44461
-23018
-23214
-73848
-8095
-16147
-2181
22909
16346
9234
29520
18939
19396
-8265
24759
-3834
-8247
-38996
-29089
-10137
-34119
-12742
-17249
-16375
-9844
-4654
26177
28155
4748
54014
33294
43119
34870
39864
-5436
-3080
-15183
4888
11532
-37049
-25543
-54094
-28496
-34518
-2561
33115
9579
25611
42744
15676
6430
30577
12362
41335
33587
-11085
10943
-40820
-20184
-30199
-33213
-40389
-43422
-24298
-1831
5285
27114
8895
11325
34050
25494
46665
2746
10791
11642
-9286
-26286
-1686
-11897
-3386
-22295
-40230
-31025
-13376
9165
-3133
-17372
2758
37096
31242
48063
38187
3305
39789
-10378
-1351
-7974
-12364
-2868
-14007
-48944
-46898
-9762
-8961
-7174
-723
19838
11604
61735
30446
32246
25077
30335
21591
-4718
15248
-21260
-33761
-18763
-38874
-37573
-55049
-36960
-9029
-13761
-806
-6256
-8356
12843
22367
25583
48574
21557
40521
34966
2434
-18824
-17500
-33408
-34854
-21088
-18406
-47591
-37653
10471
-8139
1046
44158
39284
51469
24329
57926
19213
21209
-3891
2571
-14891
-11652
-45325
-50030
-47933
-43575
-40533
-28399
-36430
-14650
-23990
-7497
33481
12313
30558
19049
39697
-19214
10347
25379
4697
-8290
-33218
24294
-34364
-14259
1612
-23610
-9681
-5896
