0.000000
0.000000
0.000000
0.000000
0.000000
0.000000
0.000000
0.000000
0.000000
0.000000
0.000000
0.000000
0.000000
0.000000
0.000000
0.000000
0.000000
0.000000
0.000000
0.000000
0.000000
0.000000
0.000000
0.000000
0.000000
0.000000
0.000000
0.000000
0.000000
0.000000
0.000000
0.000000
0.000000
0.000000
0.000000
0.000000
0.000000
0.000000
0.000000
0.000000
0.000000
0.000000
0.000000
0.000000
0.000000
0.000000
0.000000
0.000000
0.000000
0.000000
0.000000
0.000000
0.000000
0.000000
0.000000
0.000000
0.000000
0.000000
0.000000
0.000000
0.000000
0.000000
0.000000
0.103947
0.017275
-0.039194
-0.058568
-0.036869
0.026344
0.123761
0.247269
0.383875
0.519371
0.639181
0.730927
0.782820
0.787774
0.742838
0.650052
0.515351
0.349291
0.164202
-0.024472
-0.200091
-0.347821
-0.454728
-0.512870
-0.517438
-0.468042
-0.368963
-0.230724
-0.066068
0.110297
0.282042
0.433392
0.549892
0.621098
0.640018
0.605916
0.521905
0.395771
0.239191
0.067244
-0.103482
-0.257540
-0.380279
-0.460855
-0.491558
-0.470378
-0.400409
-0.288908
-0.147421
0.009188
0.164888
0.304717
0.414392
0.482344
0.502256
0.472281
0.395997
0.280981
0.138710
-0.017107
-0.170438
-0.306046
-0.410514
-0.473109
-0.488232
-0.454152
-0.374211
-0.254766
-0.108088
0.051259
0.208703
0.349307
0.459998
0.530457
0.554575
0.530256
0.460095
0.351162
0.215132
0.064854
-0.084119
-0.217007
-0.319263
-0.381005
-0.394308
-0.358167
-0.274787
-0.150570
0.003704
0.171713
0.337589
0.484411
0.597762
0.665035
0.677822
0.633921
0.535613
0.390549
0.212190
0.016753
-0.176942
-0.350361
-0.485711
-0.568764
-0.591484
-0.550495
-0.448057
-0.293448
-0.100903
0.110988
0.322649
0.512864
0.663380
0.759666
0.791853
0.756097
0.655191
0.498986
0.302494
0.082738
-0.139125
-0.343002
-0.510852
-0.627747
-0.683056
-0.674426
-0.604070
-0.480803
-0.317929
-0.132588
0.056268
0.228441
0.367769
0.460526
0.499043
0.479737
0.405342
0.285048
0.130791
-0.040874
-0.211355
-0.363805
-0.482502
-0.555776
-0.575771
-0.541069
-0.454551
-0.324627
-0.164612
0.011142
0.185186
0.340894
0.464350
0.545462
0.577405
0.559166
0.494839
0.392710
0.265642
0.126525
-0.008620
-0.125390
-0.210852
-0.256699
-0.258034
-0.214881
-0.131876
-0.018083
0.114727
0.253585
0.384277
0.493725
0.571555
0.610711
0.607078
0.562154
0.481370
0.372167
0.246244
0.116352
-0.004699
-0.105524
-0.175791
-0.209710
-0.203483
-0.157739
-0.078129
0.028545
0.151240
0.278466
0.397876
0.497230
0.567217
0.600914
0.594068
0.547223
0.463384
0.349986
0.216086
0.073287
-0.065009
-0.188451
-0.284960
-0.348152
-0.372597
-0.356983
-0.304020
-0.219694
-0.113882
0.003244
0.118455
0.220595
0.298019
0.342998
0.350882
0.321313
0.255698
0.161508
0.048612
-0.070280
-0.182445
-0.275305
-0.337625
-0.360756
-0.340034
-0.274207
-0.168376
-0.030623
0.126567
0.289286
0.441945
0.569330
0.659051
0.700765
0.689088
0.624625
0.511350
0.358878
0.181093
-0.005985
-0.185559
-0.341190
-0.458699
-0.527508
-0.542650
-0.502219
-0.413340
-0.283121
-0.126928
0.038759
0.198118
0.334728
0.434007
0.487039
0.488497
0.438767
0.343828
0.212493
0.059115
-0.101122
-0.252317
-0.378071
-0.465769
-0.507632
-0.498731
-0.439754
-0.336576
-0.198249
-0.038490
0.127896
0.284923
0.418653
0.516800
0.570203
0.575391
0.531466
0.444201
0.323483
0.180073
0.027819
-0.118080
-0.244393
-0.339259
-0.394146
-0.405117
-0.372544
-0.300201
-0.195884
-0.071913
0.058296
0.180802
0.283289
0.354987
0.387317
0.376951
0.324134
0.233977
0.115318
-0.020303
-0.159242
-0.288166
-0.392881
-0.462653
-0.490976
-0.474364
-0.413038
-0.312275
-0.182929
-0.035532
0.115079
0.254183
0.367657
0.443922
0.476139
0.459062
0.393832
0.286576
0.147405
-0.012723
-0.177249
-0.332149
-0.462300
-0.555781
-0.603404
-0.600110
-0.547087
-0.449544
-0.315658
-0.158994
0.005916
0.162083
0.294912
0.391105
0.440764
0.439321
0.385531
0.284729
0.146379
-0.017086
-0.189035
-0.353390
-0.494034
-0.597580
-0.652972
-0.654610
-0.601312
-0.498767
-0.355894
-0.187017
-0.006969
0.166340
0.315382
0.425952
0.486956
0.492983
0.442310
0.340210
0.195741
0.022311
-0.163137
-0.343160
-0.500185
-0.619479
-0.689812
-0.704064
-0.662510
-0.569363
-0.432922
-0.266836
-0.087378
0.086561
0.239807
0.356629
0.425488
0.440309
0.399713
0.308756
0.175356
0.014396
-0.159269
-0.327372
-0.475310
-0.587094
-0.653159
-0.666241
-0.625068
-0.533523
-0.399953
-0.237163
-0.059229
0.117243
0.277419
0.406278
0.493927
0.533759
0.523837
0.466630
0.369173
0.241513
0.096539
-0.051433
-0.188552
-0.301507
-0.381132
-0.420040
-0.417084
-0.373799
-0.296614
-0.194301
-0.079838
0.035198
0.136638
0.213612
0.257148
0.261730
0.226591
0.155738
0.056270
-0.061272
-0.182920
-0.295663
-0.385285
-0.439595
-0.450626
-0.414474
-0.332238
-0.209415
-0.057100
0.112280
0.282590
0.437261
0.561152
0.641967
0.671119
0.645371
0.566860
0.442187
0.284143
0.107825
-0.069133
-0.229506
-0.357917
-0.442729
-0.475241
-0.454177
-0.381560
-0.265628
-0.118619
0.043568
0.204317
0.346891
0.456550
0.521899
0.535183
0.494611
0.403109
0.269144
0.103190
-0.079581
-0.264008
-0.434279
-0.575901
-0.677112
-0.729918
-0.731154
-0.681580
-0.587038
-0.456534
-0.301914
-0.138924
0.019567
0.159762
0.269086
0.339312
0.365190
0.346035
0.285481
0.191875
0.075194
-0.052106
-0.175947
-0.283014
-0.361478
-0.403238
-0.402386
-0.358219
-0.274542
-0.158816
-0.021797
0.123318
0.262210
0.380350
0.464845
0.506644
0.500432
0.443928
0.341442
0.199939
0.031445
-0.150072
-0.327115
-0.486111
-0.611529
-0.692727
-0.723491
-0.701074
-0.628629
-0.513889
-0.368536
-0.208156
-0.048622
0.094019
0.205711
0.274677
0.295479
0.265577
0.189681
0.076238
-0.062109
-0.209771
-0.350046
-0.467047
-0.547481
-0.580841
-0.561685
-0.490583
-0.373995
-0.221332
-0.047025
0.131856
0.298460
0.436715
0.531856
0.576171
0.563909
0.496016
0.379867
0.225742
0.049298
-0.131961
-0.300149
-0.439411
-0.536161
-0.579285
-0.564906
-0.493601
-0.371117
-0.207966
-0.019078
0.179300
0.369826
0.535740
0.662953
0.740653
0.762535
0.728639
0.641913
0.511186
0.348326
0.168621
-0.013031
-0.180432
-0.320281
-0.421626
-0.479732
-0.490808
-0.458137
-0.388143
-0.290684
-0.179238
-0.067382
0.030951
0.103619
0.142504
0.141577
0.099674
0.020092
-0.088748
-0.217201
-0.350705
-0.476829
-0.581099
-0.652064
-0.680836
-0.663716
-0.600209
-0.494797
-0.356510
-0.198067
-0.033272
0.122853
0.256045
0.353904
0.408643
0.414742
0.372875
0.288839
0.171218
0.033598
-0.109330
-0.242993
-0.352700
-0.426578
-0.457014
-0.439987
-0.377167
-0.273434
-0.139106
0.011605
0.165189
0.305926
0.419395
0.493983
0.521850
0.499028
0.427341
0.312874
0.165386
-0.001697
-0.173677
-0.334409
-0.468357
-0.564806
-0.613987
-0.611676
-0.559334
-0.461407
-0.327984
-0.171624
-0.006978
0.150092
0.284096
0.383298
0.438482
0.444848
0.403739
0.319341
0.201278
0.062721
-0.081059
-0.214339
-0.322789
-0.394178
-0.420558
-0.396818
-0.324554
-0.209267
-0.061793
0.104476
0.274065
0.429670
0.557225
0.644524
0.682015
0.665786
0.596880
0.481593
0.330280
0.157006
-0.021988
-0.190230
-0.331032
-0.432592
-0.484193
-0.482066
-0.425738
-0.321066
-0.177309
-0.008729
0.169383
0.338952
0.483646
0.590928
0.648754
0.650598
0.596929
0.491606
0.343805
0.167248
-0.022811
-0.210019
-0.376511
-0.508059
-0.593031
-0.624337
-0.600771
-0.523288
-0.401116
-0.246411
-0.071869
0.104803
0.268599
0.405384
0.504321
0.557822
0.563916
0.523516
0.443879
0.333901
0.205579
0.073038
-0.051087
-0.153784
-0.225312
-0.259539
-0.254773
-0.211375
-0.134261
-0.032215
0.083869
0.201632
0.309460
0.396179
0.452856
0.473650
0.456294
0.400947
0.313151
0.200942
0.075106
-0.052542
-0.170141
-0.265399
-0.329481
-0.355840
-0.342584
-0.288564
-0.200753
-0.086182
0.043445
0.175635
0.297122
0.396103
0.462037
0.487963
0.470722
0.411449
0.315093
0.191214
0.051214
-0.091535
-0.222649
-0.330368
-0.403298
-0.433965
-0.419379
-0.361550
-0.266270
-0.142616
-0.002758
0.137253
0.264000
0.365043
0.428257
0.447532
0.420619
0.350864
0.244060
0.112791
-0.029776
-0.168971
-0.290167
-0.378797
-0.426846
-0.427264
-0.379311
-0.288318
-0.163404
-0.018106
0.133213
0.274320
0.389019
0.464120
0.489964
0.462302
0.381986
0.254581
0.090044
-0.095528
-0.286871
-0.466362
-0.617212
-0.724802
-0.780221
-0.776977
-0.715455
-0.601789
-0.446046
-0.262085
-0.065690
0.124203
0.290605
0.418314
0.496769
0.518924
0.482965
0.392421
0.255620
0.085879
-0.100595
-0.287658
-0.456539
-0.591278
-0.680074
-0.713341
-0.688271
-0.605812
-0.474372
-0.304301
-0.111802
0.086164
0.272436
0.430500
0.546549
0.611399
0.620924
0.575970
0.483473
0.354645
0.204670
0.049958
-0.091723
-0.205848
-0.278877
-0.302698
-0.273852
-0.195551
-0.074549
0.076149
0.240742
0.403096
0.545785
0.654143
0.715796
0.723218
0.674234
0.571914
0.425711
0.248532
0.055328
-0.136719
-0.310440
-0.450941
-0.546870
-0.590874
-0.580771
-0.519428
-0.414875
-0.279330
-0.127911
0.023946
0.160904
0.268654
0.336179
0.356690
0.329960
0.257322
0.146412
0.009170
-0.140501
-0.287401
-0.416738
-0.513991
-0.569887
-0.576493
-0.533257
-0.442424
-0.311142
-0.150240
0.025411
0.200385
0.360546
0.490441
0.579507
0.620660
0.611501
0.553707
0.453939
0.323096
0.174693
0.023725
-0.115151
-0.226822
-0.301660
-0.332156
-0.315850
-0.253965
-0.154679
-0.027718
0.113175
0.251712
0.375003
0.467716
0.520230
0.525236
0.480961
0.389359
0.259169
0.101792
-0.068290
-0.234244
-0.380735
-0.493256
-0.560509
-0.575545
-0.536589
-0.446931
-0.314984
-0.153027
0.022762
0.194929
0.347803
0.465264
0.535794
0.552697
0.514532
0.425952
0.295241
0.136355
-0.035274
-0.200646
-0.342137
-0.446304
-0.501054
-0.499905
-0.441892
-0.332819
-0.182614
-0.005608
0.181738
0.361022
0.515985
0.631474
0.697182
0.707810
0.662426
0.566769
0.430996
0.267941
0.094770
-0.071932
-0.217022
-0.326894
-0.391770
-0.406649
-0.371439
-0.291689
-0.175560
-0.036012
0.112352
0.253861
0.374153
0.460780
0.504388
0.501239
0.449341
0.354692
0.224914
0.072941
-0.087982
-0.241112
-0.372602
-0.469181
-0.519687
-0.519742
-0.467495
-0.367047
-0.227166
-0.059459
0.121044
0.297039
0.453064
0.574107
0.648507
0.669042
0.633117
0.542813
0.406235
0.236195
0.046746
-0.146224
-0.324300
-0.473693
-0.581663
-0.640867
-0.648435
-0.605141
-0.518680
-0.400495
-0.264229
-0.125540
0.001085
0.101515
0.166172
0.189006
0.167784
0.105895
0.012323
-0.102610
-0.224742
-0.338614
-0.431106
-0.489034
-0.504918
-0.475009
-0.399426
-0.283816
-0.138428
0.024879
0.190861
0.345148
0.472499
0.560905
0.603898
0.596857
0.540395
0.441555
0.310112
0.158862
0.002570
-0.143889
-0.265963
-0.352895
-0.395880
-0.391529
-0.340414
-0.248998
-0.126494
0.014885
0.159597
0.293794
0.403863
0.477956
0.508765
0.493868
0.434170
0.335593
0.209164
0.067506
-0.075196
-0.202799
-0.301849
-0.360957
-0.373019
-0.334640
-0.249421
-0.123696
0.031156
0.201271
0.370599
0.521412
0.639881
0.714808
0.736183
0.701729
0.612876
0.476330
0.302608
0.106278
-0.095092
-0.285194
-0.447973
-0.569954
-0.640756
-0.656403
-0.615307
-0.523107
-0.389220
-0.226023
-0.049014
0.126108
0.283444
0.408563
0.492192
0.526962
0.510723
0.447630
0.343018
0.208563
0.058752
-0.093770
-0.234813
-0.350330
-0.430284
-0.468813
-0.463359
-0.415578
-0.332522
-0.223686
-0.102207
0.019569
0.126856
0.207629
0.254530
0.261364
0.226468
0.153016
0.048372
-0.076476
-0.208539
-0.334613
-0.440785
-0.515943
-0.551214
-0.542548
-0.488617
-0.395141
-0.270220
-0.126558
0.023677
0.164732
0.283548
0.367677
0.408756
0.404608
0.353824
0.261398
0.137568
-0.006660
-0.156568
-0.297560
-0.415476
-0.498552
-0.539636
-0.533657
-0.482294
-0.389688
-0.264977
-0.120119
0.029663
0.170470
0.289069
0.373628
0.415475
0.409954
0.358898
0.266322
0.140885
-0.006276
-0.159039
-0.304148
-0.426822
-0.515010
-0.559926
-0.555628
-0.501127
-0.400982
-0.262722
-0.097580
0.080279
0.255888
0.415315
0.544921
0.634871
0.678535
0.673452
0.622256
0.530662
0.408379
0.268074
0.123791
-0.009985
-0.121388
-0.201774
-0.242868
-0.244215
-0.207119
-0.138514
-0.046942
0.054018
0.152117
0.233968
0.289006
0.306769
0.284342
0.220154
0.118552
-0.011446
-0.159292
-0.310747
-0.451105
-0.566521
-0.644563
-0.677426
-0.660219
-0.594047
-0.484825
-0.342183
-0.180210
-0.014192
0.139853
0.264672
0.348296
0.381179
0.359796
0.285462
0.163530
0.006083
-0.171616
-0.353571
-0.521128
-0.658089
-0.750127
-0.789801
-0.771192
-0.696691
-0.573040
-0.412628
-0.230528
-0.043813
0.129711
0.274165
0.375434
0.425853
0.421786
0.364750
0.262182
0.125716
-0.030244
-0.188511
-0.332411
-0.446832
-0.519272
-0.541366
-0.509842
-0.426979
-0.300006
-0.138398
0.043403
0.229108
0.403020
0.550402
0.657383
0.716748
0.722502
0.674643
0.578253
0.441378
0.276267
0.097127
-0.080785
-0.243572
-0.377992
-0.473721
-0.523763
-0.526424
-0.484633
-0.403778
-0.294182
-0.168916
-0.041668
0.072713
0.161453
0.213237
0.220857
0.182256
0.098038
-0.024856
-0.176540
-0.344332
-0.511203
-0.662640
-0.783695
-0.863151
-0.892086
-0.867350
-0.790592
-0.667062
-0.510260
-0.332606
-0.150817
0.018771
0.160450
0.262102
0.315850
0.317118
0.269536
0.179130
0.056518
-0.083162
-0.224469
-0.351848
-0.450391
-0.509595
-0.522540
-0.486833
-0.405272
-0.286197
-0.140786
0.017454
0.173623
0.313529
0.423079
0.493829
0.519902
0.500619
0.438874
0.341773
0.219307
0.084941
-0.049603
-0.171240
-0.269358
-0.336818
-0.368095
-0.362660
-0.323292
-0.255556
-0.168772
-0.073677
0.020303
0.102465
0.163066
0.196695
0.199274
0.170348
0.112675
0.032362
-0.063929
-0.166638
-0.265504
-0.350632
-0.412891
-0.445748
-0.446621
-0.412761
-0.348410
-0.257366
-0.149054
-0.031718
0.082774
0.183768
0.262722
0.311343
0.324583
0.301028
0.243618
0.157181
0.051168
-0.064770
-0.178765
-0.279031
-0.354616
-0.397970
-0.403887
-0.370756
-0.302470
-0.203835
-0.084930
0.041986
0.164094
0.269362
0.346122
0.386013
0.384698
0.341590
0.260450
0.149908
0.019821
-0.117165
-0.245866
-0.354994
-0.431857
-0.469623
-0.464648
-0.416481
-0.330583
-0.215361
-0.082921
0.053041
0.177738
0.278876
0.345555
0.371126
0.351053
0.286932
0.184618
0.052515
-0.097185
-0.249780
-0.392034
-0.510328
-0.594006
-0.635764
-0.632399
-0.583714
-0.495761
-0.377085
-0.238384
-0.094648
0.041342
0.156725
0.241819
0.287807
0.292863
0.256636
0.185080
0.085693
-0.029214
-0.146807
-0.253395
-0.336234
-0.386162
-0.394504
-0.359538
-0.282707
-0.169583
-0.029484
0.125148
0.279044
0.418990
0.529223
0.598827
0.620709
0.590554
0.510203
0.385233
0.226304
0.047212
-0.137496
-0.310479
-0.457516
-0.565122
-0.624235
-0.631591
-0.584996
-0.491447
-0.360730
-0.205417
-0.041484
0.115785
0.251277
0.351139
0.407065
0.415946
0.376111
0.292882
0.175667
0.037730
-0.107742
-0.244963
-0.359037
-0.437959
-0.474035
-0.462753
-0.404909
-0.306618
-0.176519
-0.028253
0.122816
0.261547
0.374091
0.447158
0.472539
0.447232
0.371836
0.252909
0.101281
-0.070060
-0.244046
-0.405059
-0.536365
-0.626142
-0.664822
-0.648026
-0.576964
-0.457371
-0.300562
-0.120054
0.068171
0.247286
0.400661
0.514342
0.579098
0.590184
0.548348
0.458707
0.331134
0.180143
0.019922
-0.131512
-0.259093
-0.349904
-0.393053
-0.384249
-0.324005
-0.216580
-0.071641
0.098053
0.275509
0.444194
0.587832
0.693184
0.749720
0.749660
0.693052
0.583919
0.430697
0.245232
0.043470
-0.157384
-0.340640
-0.491313
-0.596746
-0.649521
-0.645603
-0.587798
-0.482009
-0.340221
-0.176724
-0.007079
0.151249
0.283813
0.378678
0.427634
0.425952
0.376520
0.285218
0.161347
0.019318
-0.126190
-0.259844
-0.367980
-0.439657
-0.467448
-0.450295
-0.390054
-0.292821
-0.170744
-0.035147
0.098796
0.217451
0.307851
0.360603
0.369560
0.334827
0.259126
0.150682
0.019746
-0.120282
-0.254969
-0.370207
-0.454363
-0.498740
-0.497443
-0.450576
-0.361475
-0.238587
-0.092565
0.062703
0.212404
0.342010
0.439481
0.495466
0.504412
0.466525
0.385530
0.269724
0.131945
-0.014160
-0.153303
-0.270139
-0.352354
-0.388792
-0.374364
-0.309268
-0.198168
-0.050230
0.122385
0.302827
0.474954
0.621622
0.728997
0.785994
0.785864
0.727571
0.615360
0.458030
0.267816
0.062087
-0.143989
-0.333227
-0.488721
-0.598765
-0.655712
-0.657309
-0.604943
-0.506240
-0.372606
-0.216717
-0.054584
0.097565
0.226056
0.319162
0.368961
0.372457
0.331027
0.251435
0.142837
0.017533
-0.110886
-0.226586
-0.317344
-0.373392
-0.387976
-0.358575
-0.287731
-0.181839
-0.051689
0.090495
0.229931
0.353184
0.446797
0.500877
0.510115
0.473764
0.394077
0.278845
0.140619
-0.007627
-0.150610
-0.273815
-0.364370
-0.414088
-0.416257
-0.370679
-0.281627
-0.158129
-0.011900
0.142637
0.289582
0.414797
0.505849
0.553657
0.553335
0.504268
0.411156
0.283111
0.133367
-0.024661
-0.175097
-0.303362
-0.396603
-0.446305
-0.446605
-0.396917
-0.302749
-0.172759
-0.019745
0.141741
0.296111
0.428230
0.524995
0.576249
0.577231
0.526984
0.430512
0.295552
0.135008
-0.036996
-0.203593
-0.351029
-0.464557
-0.535984
-0.557799
-0.531213
-0.459861
-0.351354
-0.218384
-0.075258
0.061990
0.180769
0.267965
0.314329
0.315822
0.271745
0.186719
0.071143
-0.063944
-0.204486
-0.335495
-0.442686
-0.515623
-0.546501
-0.531502
-0.471457
-0.372594
-0.243973
-0.097841
0.051133
0.188718
0.302508
0.380924
0.416495
0.406508
0.353104
0.260723
0.139682
0.002206
-0.137668
-0.265280
-0.367426
-0.433893
-0.456225
-0.432167
-0.362280
-0.252192
-0.111909
0.046870
0.208890
0.360500
0.486755
0.575360
0.619165
0.613203
0.558513
0.459647
0.326179
0.169597
0.005337
-0.152236
-0.288297
-0.389287
-0.445966
-0.454052
-0.412328
-0.326778
-0.205175
-0.060213
0.094017
0.240937
0.365002
0.454155
0.498328
0.492939
0.436845
0.334972
0.196738
0.035280
-0.133507
-0.292759
-0.427379
-0.523359
-0.570587
-0.563775
-0.503242
-0.393800
-0.244806
-0.070558
0.112437
0.286526
0.436644
0.547466
0.608694
0.614636
0.565572
0.465111
0.324150
0.156918
-0.020634
-0.191485
-0.338462
-0.448042
-0.509257
-0.516299
-0.468913
-0.372563
-0.237177
-0.075521
0.095466
0.259484
0.400371
0.504019
0.561784
0.566489
0.518667
0.425013
0.294175
0.140651
-0.021589
-0.174824
-0.304842
-0.398165
-0.446702
-0.445623
-0.395370
-0.302684
-0.178651
-0.036183
0.108515
0.241033
0.345820
0.411894
0.431972
0.403233
0.328637
0.215620
0.075533
-0.076248
-0.223654
-0.351127
-0.445069
-0.494374
-0.493055
-0.440598
-0.341181
-0.203880
-0.042347
0.127387
0.288097
0.423067
0.517794
0.561826
0.548066
0.477160
0.352544
0.183672
-0.014305
-0.224817
-0.430355
-0.613259
-0.757170
-0.848990
-0.882315
-0.852754
-0.764133
-0.624275
-0.445925
-0.243956
-0.036326
0.160334
0.329278
0.457126
0.535695
0.559709
0.529843
0.451582
0.334176
0.191614
0.038992
-0.109198
-0.237570
-0.335449
-0.393083
-0.406673
-0.375682
-0.306419
-0.206228
-0.087456
0.036400
0.151317
0.243846
0.304143
0.324871
0.302432
0.239061
0.140532
0.015576
-0.122718
-0.259950
-0.381798
-0.475390
-0.530001
-0.539082
-0.500200
-0.415382
-0.290798
-0.137095
0.031953
0.201498
0.356838
0.483449
0.570791
0.610580
0.599437
0.539631
0.435933
0.299422
0.142513
-0.019651
-0.171644
-0.299189
-0.391077
-0.438901
-0.437421
-0.387901
-0.296351
-0.172073
-0.026663
0.122922
0.261979
0.376023
0.452104
0.480931
0.457922
0.381542
0.258228
0.096051
-0.091185
-0.287979
-0.477712
-0.643988
-0.773132
-0.852421
-0.875483
-0.839969
-0.748898
-0.609428
-0.433396
-0.237783
-0.036405
0.152395
0.313367
0.433774
0.505061
0.524864
0.491981
0.414407
0.301392
0.167093
0.026558
-0.104927
-0.213322
-0.287141
-0.320258
-0.309192
-0.257432
-0.171371
-0.062801
0.056144
0.169700
0.263477
0.325479
0.347684
0.324644
0.256517
0.147896
0.009521
-0.145563
-0.302961
-0.446247
-0.561015
-0.636110
-0.663136
-0.637124
-0.561897
-0.442176
-0.288899
-0.116589
0.059394
0.222665
0.359380
0.455744
0.504571
0.501860
0.448172
0.349822
0.215955
0.058938
-0.103826
-0.257444
-0.388357
-0.483363
-0.534593
-0.536396
-0.489118
-0.396650
-0.269417
-0.117853
0.043876
0.201027
0.338669
0.443849
0.509201
0.528467
0.500649
0.430575
0.325871
0.197788
0.058607
-0.075314
-0.191417
-0.277430
-0.325111
-0.329811
-0.290962
-0.213261
-0.106466
0.019161
0.149110
0.270322
0.368298
0.433050
0.456124
0.434266
0.369080
0.266002
0.135211
-0.010598
-0.158213
-0.292492
-0.400149
-0.470717
-0.497028
-0.476218
-0.410099
-0.304571
-0.168558
-0.016033
0.141198
0.287570
0.410484
0.500146
0.549963
0.557133
0.522531
0.451429
0.353065
0.238128
0.119221
0.008532
-0.082022
-0.143499
-0.171312
-0.163366
-0.120323
-0.049776
0.042421
0.143661
0.241922
0.325650
0.383369
0.407332
0.391471
0.334359
0.236892
0.105854
-0.050519
-0.220170
-0.390040
-0.547634
-0.680035
-0.776919
-0.830106
-0.835313
-0.791368
-0.702935
-0.576785
-0.423196
-0.256279
-0.088527
0.066678
0.196101
0.291098
0.344418
0.353437
0.320595
0.251443
0.155482
0.044682
-0.067191
-0.167992
-0.246301
-0.291626
-0.298504
-0.264936
-0.193484
-0.091648
0.030549
0.160011
0.283892
0.388021
0.460336
0.491490
0.477936
0.417617
0.316050
0.180378
0.023157
-0.141978
-0.298832
-0.433465
-0.533232
-0.587686
-0.592517
-0.546224
-0.452443
-0.319863
-0.159678
0.012821
0.183020
0.334182
0.453132
0.529819
0.557147
0.534925
0.465749
0.356879
0.219494
0.068931
-0.079229
-0.209070
-0.306514
-0.362516
-0.368390
-0.323380
-0.230007
-0.097359
0.063270
0.234125
0.400839
0.545993
0.654628
0.715895
0.722378
0.672589
0.570780
0.425348
0.248528
0.056586
-0.133519
-0.304573
-0.442349
-0.534724
-0.575087
-0.560852
-0.496273
-0.388559
-0.249694
-0.094798
0.059036
0.196651
0.304576
0.371479
0.390301
0.359312
0.282608
0.167288
0.024743
-0.129274
-0.280255
-0.412713
-0.512942
-0.569579
-0.577380
-0.533587
-0.442395
-0.311150
-0.151089
0.023171
0.196136
0.352062
0.477373
0.561754
0.597775
0.583192
0.522379
0.421945
0.293500
0.151001
0.008912
-0.116951
-0.213842
-0.271199
-0.282677
-0.246929
-0.168481
-0.053111
0.085376
0.233457
0.375037
0.495402
0.580408
0.621548
0.611952
0.550731
0.442117
0.295480
0.123301
-0.059011
-0.234912
-0.387819
-0.503229
-0.569338
-0.579773
-0.533409
-0.433123
-0.288801
-0.112217
0.079232
0.269383
0.439956
0.574595
0.660585
0.690944
0.662890
0.578926
0.447140
0.280932
0.096206
-0.089091
-0.256362
-0.389155
-0.474468
-0.503668
-0.473672
-0.387068
-0.252278
-0.082424
0.104777
0.292150
0.459514
0.591192
0.673030
0.696151
0.658246
0.561873
0.415545
0.232851
0.032277
-0.167642
-0.348469
-0.493347
-0.588867
-0.626440
-0.604311
-0.525172
-0.398131
-0.236982
-0.058490
0.119686
0.278992
0.404257
0.483917
0.510587
0.482678
0.404857
0.285555
0.136513
-0.024639
-0.182420
-0.322015
-0.428814
-0.493248
-0.508222
-0.473555
-0.392895
-0.275042
-0.131426
0.023170
0.173859
0.307407
0.410032
0.472572
0.489483
0.459156
0.386000
0.277616
0.143718
-0.000930
-0.143568
-0.269388
-0.366871
-0.426256
-0.442972
-0.415519
-0.347260
-0.246595
-0.123937
0.007047
0.132081
0.238041
0.312917
0.348706
0.341323
0.291656
0.204389
0.088770
-0.042892
-0.175098
-0.293974
-0.386778
-0.440510
-0.450238
-0.413216
-0.331807
-0.212897
-0.067575
0.088522
0.241031
0.373970
0.474010
0.530069
0.535747
0.488606
0.392991
0.256760
0.092358
-0.085065
-0.258910
-0.413171
-0.532465
-0.604751
-0.623430
-0.585545
-0.493413
-0.355274
-0.181957
0.010148
0.203168
0.380119
0.525116
0.623343
0.667078
0.652240
0.578808
0.454264
0.290373
0.102058
-0.093548
-0.278110
-0.434481
-0.547707
-0.609248
-0.612387
-0.558194
-0.451683
-0.305292
-0.132620
0.049532
0.223495
0.372108
0.481242
0.541640
0.548535
0.500116
0.403295
0.267232
0.105886
-0.065782
-0.230621
-0.373744
-0.481531
-0.544963
-0.559088
-0.522418
-0.441397
-0.323337
-0.181171
-0.028308
0.119740
0.247536
0.343490
0.398721
0.407873
0.369682
0.288300
0.171779
0.031285
-0.120135
-0.267742
-0.396900
-0.496047
-0.555465
-0.569688
-0.537783
-0.462144
-0.351364
-0.216380
-0.069992
0.073374
0.199434
0.296391
0.355731
0.371902
0.344561
0.278753
0.182204
0.066278
-0.054572
-0.166688
-0.256200
-0.313377
-0.329066
-0.301226
-0.232239
-0.127778
0.002572
0.145348
0.285036
0.405926
0.495791
0.544400
0.544398
0.493737
0.396240
0.259103
0.094029
-0.085616
-0.263284
-0.424110
-0.553568
-0.641127
-0.678245
-0.664847
-0.600323
-0.492839
-0.351791
-0.192286
-0.027499
0.126668
0.256696
0.351573
0.403321
0.408046
0.367887
0.288173
0.178047
0.050077
-0.081109
-0.202399
-0.299532
-0.361841
-0.380840
-0.353409
-0.281029
-0.169408
-0.028195
0.129819
0.289089
0.434428
0.551058
0.626712
0.652532
0.624287
0.542650
0.412535
0.244584
0.053135
-0.145551
-0.335222
-0.499202
-0.622662
-0.695975
-0.712767
-0.672507
-0.579283
-0.443587
-0.277514
-0.097181
0.080544
0.239144
0.362836
0.442227
0.470997
0.447174
0.374661
0.262350
0.121318
-0.032599
-0.183780
-0.316523
-0.417422
-0.475482
-0.484900
-0.444662
-0.358083
-0.234207
-0.083233
0.078708
0.236554
0.374360
0.480629
0.541950
0.553363
0.513358
0.425987
0.298252
0.142791
-0.027024
-0.194369
-0.343590
-0.461974
-0.538689
-0.566898
-0.545800
-0.477356
-0.370963
-0.237011
-0.090432
0.052728
0.178059
0.271569
0.323734
0.328308
0.284528
0.196814
0.074319
-0.070977
-0.223156
-0.366445
-0.484442
-0.564422
-0.597598
-0.577189
-0.503819
-0.383799
-0.226401
-0.045720
0.140592
0.316521
0.465092
0.572886
0.629586
0.630201
0.575037
0.470597
0.326974
0.157533
-0.020413
-0.189783
-0.335939
-0.442945
-0.502320
-0.509401
-0.464948
-0.375778
-0.252804
-0.110433
0.035594
0.167069
0.268691
0.327533
0.335028
0.287555
0.187055
0.041533
-0.136355
-0.329547
-0.519739
-0.689117
-0.820483
-0.899462
-0.917373
-0.870704
-0.763160
-0.601986
-0.401988
-0.180345
0.045324
0.253769
0.427536
0.551881
0.616567
0.617662
0.556078
0.439488
0.280033
0.093591
-0.101149
-0.286212
-0.444697
-0.561445
-0.627293
-0.635899
-0.587259
-0.487515
-0.346086
-0.177545
0.002597
0.177746
0.331124
0.449385
0.521997
0.542909
0.511828
0.431115
0.310300
0.161374
-0.000870
-0.160763
-0.302589
-0.411616
-0.477528
-0.494134
-0.457223
-0.370885
-0.242690
-0.084705
0.088199
0.260304
0.414821
0.537412
0.616010
0.642370
0.613966
0.532722
0.405932
0.245736
0.066743
-0.115397
-0.283437
-0.423174
-0.522629
-0.573502
-0.573411
-0.524949
-0.434551
-0.313258
-0.174397
-0.033233
0.095709
0.201140
0.271544
0.301264
0.290221
0.240537
0.160405
0.060285
-0.046399
-0.147055
-0.228766
-0.280913
-0.296895
-0.272994
-0.209934
-0.113883
0.006901
0.141033
0.273987
0.392004
0.482468
0.536355
0.545293
0.507443
0.424429
0.301363
0.149157
-0.020277
-0.192188
-0.351271
-0.484255
-0.579109
-0.628522
-0.626981
-0.575555
-0.479649
-0.347724
-0.191632
-0.026066
0.132229
0.270171
0.374702
0.436575
0.450177
0.415337
0.335520
0.217910
0.075311
-0.077671
-0.227200
-0.357732
-0.456028
-0.512772
-0.521682
-0.482136
-0.397340
-0.275750
-0.129491
0.027957
0.180759
0.313702
0.413970
0.471014
0.479641
0.439466
0.353877
0.232072
0.086953
-0.066230
-0.211198
-0.332569
-0.416350
-0.453353
-0.437051
-0.368067
-0.250460
-0.094246
0.087825
0.278497
0.461416
0.619760
0.739270
0.809319
0.824540
0.784033
0.691095
0.556218
0.391871
0.214480
0.040971
-0.112367
-0.231072
-0.304888
-0.328567
-0.299653
-0.223069
-0.108050
0.033036
0.184368
0.330063
0.453291
0.540739
0.581721
0.573095
0.513306
0.407416
0.264996
0.098879
-0.074780
-0.240483
-0.381636
-0.485933
-0.544938
-0.553167
-0.511976
-0.426681
-0.306653
-0.166139
-0.018827
0.119509
0.234409
0.314097
0.350346
0.340132
0.284913
0.190330
0.066689
-0.073145
-0.214988
-0.343044
-0.445004
-0.509301
-0.528850
-0.500740
-0.425925
-0.311085
-0.165932
-0.003997
0.160868
0.312767
0.438544
0.524701
0.563469
0.551026
0.488053
0.378878
0.232651
0.062074
-0.117648
-0.289550
-0.438434
-0.550749
-0.616646
-0.629722
-0.589015
-0.498493
-0.368017
-0.208790
-0.038099
0.127500
0.272726
0.381954
0.445514
0.456806
0.416705
0.329876
0.206046
0.059521
-0.093388
-0.234819
-0.349586
-0.423015
-0.447277
-0.417450
-0.336302
-0.211037
-0.053297
0.122449
0.298839
0.458069
0.584669
0.667409
0.697110
0.671043
0.591839
0.467377
0.310119
0.134329
-0.043186
-0.206765
-0.341486
-0.435469
-0.480738
-0.475100
-0.419054
-0.320008
-0.187955
-0.036495
0.119235
0.264405
0.385072
0.469569
0.510426
0.503387
0.448143
0.350596
0.220220
0.068307
-0.090962
-0.242050
-0.370287
-0.463613
-0.512572
-0.512927
-0.462329
-0.365927
-0.231203
-0.070350
0.102328
0.270315
0.418451
0.533787
0.604855
0.626255
0.596150
0.518624
0.401611
0.257145
0.099914
-0.054469
-0.189262
-0.291577
-0.351482
-0.364184
-0.327713
-0.247975
-0.133947
0.001681
0.142864
0.275065
0.382477
0.451796
0.474148
0.447052
0.370609
0.250657
0.098411
-0.071918
-0.243684
-0.399722
-0.525990
-0.608867
-0.641363
-0.619310
-0.543957
-0.422986
-0.268273
-0.094066
0.081970
0.243870
0.376011
0.466003
0.505325
0.490732
0.423993
0.312011
0.165527
-0.001821
-0.172588
-0.330535
-0.461885
-0.553151
-0.597118
-0.588689
-0.531120
-0.429241
-0.294156
-0.138090
0.021377
0.170359
0.293426
0.378411
0.417700
0.406894
0.348854
0.247466
0.114149
-0.038430
-0.195172
-0.341016
-0.461535
-0.545315
-0.585244
-0.577490
-0.523725
-0.429648
-0.306253
-0.165809
-0.023995
0.104404
0.206917
0.272013
0.293498
0.268825
0.200299
0.094833
-0.034911
-0.177477
-0.315482
-0.435084
-0.522078
-0.566553
-0.562033
-0.507807
-0.406691
-0.267345
-0.101790
0.074550
0.244627
0.392272
0.503615
0.565568
0.571352
0.518485
0.408792
0.251468
0.058113
-0.154613
-0.369462
-0.568441
-0.733563
-0.850565
-0.909802
-0.905761
-0.838599
-0.714664
-0.544519
-0.344164
-0.129475
0.079569
0.264231
0.410008
0.504858
0.541373
0.518616
0.442060
0.319116
0.166856
-0.000118
-0.162746
-0.302878
-0.406298
-0.462030
-0.462554
-0.407657
-0.302489
-0.156895
0.014551
0.195152
0.365999
0.510541
0.613866
0.664766
0.659140
0.595055
0.479318
0.322498
0.139259
-0.053134
-0.236770
-0.395161
-0.512685
-0.580356
-0.592040
-0.547938
-0.452782
-0.316612
-0.153255
0.022069
0.192485
0.343526
0.461650
0.537975
0.567189
0.549448
0.489124
0.395015
0.279130
0.155904
0.038635
-0.058619
-0.125599
-0.154469
-0.141406
-0.087342
0.001479
0.116501
0.245439
0.374791
0.489459
0.577562
0.628055
0.633441
0.590138
0.501632
0.371935
0.211941
0.034267
-0.145069
-0.312066
-0.450645
-0.549649
-0.600077
-0.597960
-0.543882
-0.443258
-0.304635
-0.142289
0.028706
0.192670
0.333290
0.438656
0.498837
0.508798
0.469179
0.383760
0.262859
0.119415
-0.030895
-0.172552
-0.289672
-0.369954
-0.403123
-0.384657
-0.314853
-0.198755
-0.046318
0.128873
0.310662
0.482427
0.627371
0.732575
0.787657
0.786148
0.726340
0.613561
0.456531
0.267498
0.061428
-0.144056
-0.332566
-0.489753
-0.604211
-0.667276
-0.675713
-0.630873
-0.538881
-0.409268
-0.256148
-0.092382
0.066386
0.205580
0.313738
0.382829
0.408425
0.390746
0.333183
0.244203
0.134616
0.018113
-0.092609
-0.184458
-0.248053
-0.275333
-0.263333
-0.214265
-0.133299
-0.029401
0.085052
0.197350
0.293363
0.361044
0.391160
0.377586
0.320661
0.222973
0.093597
-0.055048
-0.209828
-0.354208
-0.472914
-0.554146
-0.587957
-0.569628
-0.499437
-0.383454
-0.232426
-0.059653
0.118098
0.283296
0.419469
0.513155
0.554321
0.537719
0.464520
0.341365
0.177550
-0.012156
-0.209884
-0.398104
-0.559890
-0.680712
-0.750489
-0.763179
-0.718438
-0.620409
-0.479305
-0.307975
-0.123305
0.058506
0.221079
0.350782
0.436843
0.472229
0.455859
0.392020
0.288012
0.156428
0.010830
-0.132735
-0.258540
-0.353548
-0.407785
-0.416658
-0.378281
-0.296085
-0.178633
-0.038522
0.110436
0.252433
0.372708
0.459028
0.501310
0.494082
0.436455
0.333061
0.192774
0.028266
-0.146652
-0.314831
-0.461100
-0.572524
-0.638049
-0.652185
-0.613591
-0.526327
-0.398007
-0.241386
-0.070984
0.097502
0.249246
0.369597
0.448187
0.478682
0.458665
0.391603
0.285137
0.150971
0.002832
-0.145426
-0.277897
-0.380722
-0.444048
-0.461670
-0.432387
-0.358601
-0.247829
-0.111066
0.038000
0.184758
0.315035
0.415491
0.477629
0.495681
0.468726
0.399507
0.295992
0.169544
0.034118
-0.096931
-0.208669
-0.290042
-0.331044
-0.327202
-0.278175
-0.188411
-0.065966
0.077528
0.229375
0.373122
0.495741
0.584707
0.630987
0.629324
0.579638
0.485526
0.354806
0.199565
0.033202
-0.129428
-0.274190
-0.388621
-0.462106
-0.490538
-0.472255
-0.410274
-0.312940
-0.190637
-0.057481
0.072514
0.185505
0.269785
0.315904
0.319981
0.280044
0.200893
0.090364
-0.040764
-0.178152
-0.307391
-0.415042
-0.489283
-0.521926
-0.507761
-0.447478
-0.345447
-0.210109
-0.054192
0.108359
0.261259
0.390389
0.483598
0.532404
0.530748
0.478932
0.381938
0.247627
0.088971
-0.079392
-0.241962
-0.383831
-0.491912
-0.557526
-0.574503
-0.542793
-0.466571
-0.353568
-0.217578
-0.072076
0.067180
0.185581
0.272836
0.317211
0.316065
0.267895
0.178890
0.058132
-0.082149
-0.226687
-0.360246
-0.468131
-0.539623
-0.564885
-0.540241
-0.466958
-0.350827
-0.202808
-0.034980
0.135955
0.293788
0.423863
0.513289
0.554564
0.542252
0.477511
0.366074
0.218140
0.047338
-0.130586
-0.298929
-0.442497
-0.547124
-0.602430
-0.603408
-0.549073
-0.444013
-0.296012
-0.117830
0.075264
0.267209
0.442112
0.584724
0.683772
0.733131
0.731283
0.679469
0.584423
0.457977
0.313556
0.166454
0.032226
-0.075752
-0.146644
-0.173267
-0.154016
-0.091579
0.006607
0.128645
0.260978
0.388374
0.494212
0.566850
0.595143
0.573913
0.502897
0.385368
0.231116
0.052744
-0.132290
-0.307887
-0.458540
-0.568804
-0.628931
-0.633420
-0.581058
-0.476836
-0.330861
-0.156499
0.030047
0.210792
0.369354
0.491615
0.567584
0.591003
0.560926
0.481886
0.362506
0.216836
0.059665
-0.092567
-0.223864
-0.322462
-0.376848
-0.383010
-0.340859
-0.254819
-0.133816
0.009296
0.160124
0.303006
0.423051
0.507625
0.548982
0.541973
0.485792
0.387174
0.254767
0.100665
-0.061806
-0.216882
-0.350593
-0.451210
-0.510595
-0.524342
-0.491574
-0.416813
-0.308883
-0.179806
-0.042139
0.089489
0.201740
0.284133
0.326474
0.325394
0.280458
0.194767
0.076687
-0.062602
-0.210195
-0.352372
-0.473927
-0.562675
-0.610185
-0.610051
-0.561041
-0.465255
-0.330891
-0.168338
0.007996
0.183919
0.343422
0.472937
0.560041
0.598568
0.584816
0.519860
0.409222
0.264298
0.097879
-0.074904
-0.239210
-0.379391
-0.484263
-0.546044
-0.561221
-0.529497
-0.458134
-0.355761
-0.234532
-0.108054
0.007876
0.101436
0.163347
0.187198
0.170882
0.117638
0.033576
-0.070975
-0.182690
-0.288651
-0.375331
-0.432655
-0.452263
-0.431175
-0.369569
-0.273848
-0.151886
-0.016496
0.118440
0.238595
0.331835
0.386991
0.397647
0.361010
0.280413
0.161288
0.015563
-0.144339
-0.303778
-0.447265
-0.561162
-0.634315
-0.659567
-0.633107
-0.558673
-0.441744
-0.292147
-0.123680
0.049775
0.210806
0.346778
0.444729
0.497166
0.499774
0.453229
0.361827
0.236069
0.086228
-0.072164
-0.224591
-0.356937
-0.457976
-0.519161
-0.535049
-0.505509
-0.435342
-0.332419
-0.207841
-0.074606
0.053219
0.163681
0.244291
0.288449
0.290877
0.254256
0.182863
0.084844
-0.028385
-0.143510
-0.247471
-0.327036
-0.372061
-0.376774
-0.338190
-0.259729
-0.146795
-0.010898
0.136212
0.279000
0.403313
0.496390
0.547983
0.552025
0.506456
0.412882
0.279985
0.118090
-0.058058
-0.233521
-0.392661
-0.521443
-0.609145
-0.647857
-0.634420
-0.571351
-0.464176
-0.324224
-0.164682
-0.000068
0.154629
0.285587
0.381156
0.434180
0.441393
0.404721
0.330250
0.226782
0.106717
-0.015909
-0.126999
-0.214706
-0.268602
-0.282737
-0.255118
-0.188262
-0.088896
0.032662
0.163200
0.289581
0.397694
0.474462
0.511533
0.503281
0.449302
0.352258
0.221469
0.067948
-0.092849
-0.246038
-0.376114
-0.470432
-0.518102
-0.513013
-0.453856
-0.345123
-0.194810
-0.015312
0.178207
0.369950
0.542871
0.682130
0.776881
0.819632
0.808478
0.745459
0.637313
0.495082
0.332745
0.165481
0.008841
-0.123550
-0.220212
-0.275323
-0.285222
-0.253204
-0.185199
-0.091022
0.016232
0.123415
0.216041
0.282388
0.312919
0.302958
0.251161
0.161312
0.041404
-0.098813
-0.244947
-0.383290
-0.500693
-0.583400
-0.623114
-0.615239
-0.558052
-0.456297
-0.317506
-0.153453
0.021941
0.194558
0.348572
0.471098
0.552201
0.585041
0.568163
0.504340
0.400307
0.266352
0.114807
-0.039435
-0.182241
-0.301467
-0.386627
-0.430749
-0.431847
-0.390209
-0.312005
-0.206128
-0.083929
0.042855
0.160560
0.258507
0.327154
0.359695
0.353941
0.311274
0.235876
0.136244
0.023482
-0.090530
-0.193985
-0.274582
-0.323400
-0.333800
-0.303948
-0.234161
-0.131568
-0.002750
0.138923
0.280897
0.409254
0.510927
0.575969
0.596842
0.569579
0.496631
0.382679
0.237853
0.075003
-0.090808
-0.245234
-0.371974
-0.459644
-0.500308
-0.488402
-0.425187
-0.316516
-0.171759
-0.006031
0.164737
0.324748
0.458404
0.551898
0.594903
0.582640
0.515547
0.400113
0.246393
0.067883
-0.118221
-0.295413
-0.447867
-0.560320
-0.623585
-0.631342
-0.583732
-0.485860
-0.347907
-0.183218
-0.008626
0.158557
0.303093
0.411111
0.471505
0.479341
0.434007
0.340579
0.208175
0.049526
-0.118141
-0.278333
-0.414834
-0.513594
-0.564399
-0.560544
-0.502828
-0.396542
-0.250133
-0.077496
0.104196
0.278365
0.427422
0.536204
0.593735
0.593522
0.534079
0.420216
0.261274
0.072120
-0.131413
-0.330094
-0.506235
-0.642613
-0.728021
-0.753672
-0.718391
-0.625412
-0.483881
-0.307043
-0.112580
0.080633
0.253882
0.391343
0.480411
0.512262
0.484509
0.400895
0.270391
0.106906
-0.071839
-0.248528
-0.404527
-0.523444
-0.593154
-0.605647
-0.558756
-0.456472
-0.306652
-0.124980
0.072927
0.268489
0.444230
0.583946
0.675380
0.711665
0.689097
0.611589
0.488077
0.330527
0.154639
-0.023650
-0.187295
-0.320409
-0.413430
-0.459707
-0.455280
-0.404429
-0.315161
-0.198579
-0.068005
0.061777
0.175064
0.259353
0.304937
0.306312
0.260657
0.172122
0.048016
-0.100790
-0.260456
-0.417464
-0.557075
-0.667279
-0.738000
-0.762257
-0.737924
-0.668421
-0.559586
-0.421379
-0.266005
-0.107481
0.041082
0.166106
0.256765
0.307090
0.313829
0.276505
0.201257
0.096448
-0.026240
-0.154038
-0.273970
-0.372510
-0.439984
-0.468535
-0.453775
-0.397411
-0.302947
-0.179512
-0.037123
0.110551
0.249918
0.368364
0.454250
0.500235
0.501726
0.458645
0.376137
0.262320
0.129851
-0.008872
-0.140741
-0.251094
-0.329348
-0.367082
-0.360452
-0.312425
-0.227022
-0.113423
0.016373
0.147456
0.265923
0.357683
0.412714
0.424604
0.389876
0.311812
0.196399
0.053924
-0.099721
-0.250360
-0.383993
-0.486603
-0.548305
-0.562583
-0.528341
-0.448768
-0.330957
-0.187374
-0.032672
0.117866
0.250473
0.351844
0.411937
0.426526
0.393679
0.318605
0.209668
0.077905
-0.062352
-0.195895
-0.309437
-0.390823
-0.431855
-0.428649
-0.381511
-0.295516
-0.179951
-0.045879
0.091719
0.219512
0.324178
0.394703
0.423492
0.407082
0.346647
0.247215
0.119147
-0.025846
-0.174690
-0.312135
-0.424990
-0.502195
-0.537107
-0.525306
-0.467153
-0.367945
-0.236729
-0.084985
0.072834
0.223425
0.353834
0.453269
0.512218
0.527406
0.497785
0.429203
0.328971
0.207354
0.077960
-0.046268
-0.152856
-0.229979
-0.270782
-0.272189
-0.232688
-0.157781
-0.055012
0.064543
0.188449
0.304299
0.398658
0.461634
0.486272
0.470200
0.412721
0.319854
0.201149
0.067010
-0.069312
-0.194760
-0.296199
-0.363231
-0.389815
-0.372368
-0.313860
-0.219288
-0.098482
0.036448
0.172688
0.295448
0.392534
0.453806
0.472946
0.447830
0.380340
0.276880
0.147600
0.005651
-0.135945
-0.262654
-0.363301
-0.427963
-0.449856
-0.427317
-0.363414
-0.265477
-0.144271
-0.013116
0.115039
0.225486
0.306267
0.347110
0.342928
0.292620
0.199104
0.070525
-0.082034
-0.245021
-0.402010
-0.538156
-0.640117
-0.697593
-0.704321
-0.658085
-0.561153
-0.422139
-0.252095
-0.064863
0.122297
0.293376
0.432424
0.528477
0.571929
0.558462
0.489550
0.370630
0.211452
0.025959
-0.169211
-0.358784
-0.526827
-0.659557
-0.745743
-0.779111
-0.758051
-0.686152
-0.569828
-0.421951
-0.254846
-0.084215
0.075359
0.210519
0.310510
0.368688
0.383096
0.354968
0.291122
0.201923
0.098229
-0.005672
-0.097939
-0.165514
-0.200052
-0.196224
-0.153016
-0.073845
0.034891
0.161783
0.295611
0.422086
0.528713
0.605656
0.643956
0.638259
0.589607
0.501496
0.382024
0.241944
0.094710
-0.046405
-0.168414
-0.259400
-0.312341
-0.322978
-0.291647
-0.222628
-0.124145
-0.007727
0.112101
0.222036
0.308471
0.359662
0.368006
0.330001
0.247317
0.124624
-0.027288
-0.195271
-0.364589
-0.519385
-0.644376
-0.728624
-0.763741
-0.746039
-0.677390
-0.565348
-0.420278
-0.257609
-0.094669
0.052215
0.166467
0.236225
0.253363
0.215340
0.124821
-0.009983
-0.174738
-0.353931
-0.527999
-0.678277
-0.787805
-0.844604
-0.839267
-0.769976
-0.638629
-0.457002
-0.238317
-0.001399
0.233906
0.447690
0.619899
0.737085
0.787507
0.767686
0.679431
0.530229
0.333018
0.105620
-0.133637
-0.362930
-0.562902
-0.717213
-0.813961
-0.845590
-0.811281
-0.715415
-0.567445
-0.381689
-0.175673
0.032034
0.223997
0.382028
0.495034
0.554662
0.557800
0.507838
0.411163
0.280376
0.129926
-0.024226
-0.165333
-0.279837
-0.356147
-0.386934
-0.370511
-0.309699
-0.211826
-0.087555
0.049402
0.184637
0.302366
0.390978
0.441583
0.447482
0.408953
0.328218
0.212482
0.072562
-0.078793
-0.226897
-0.359384
-0.464088
-0.532049
-0.557325
-0.539910
-0.481147
-0.387025
-0.267248
-0.133991
0.001422
0.126725
0.229949
0.302210
0.337869
0.335236
0.295438
0.223641
0.126940
0.017523
-0.093839
-0.195212
-0.275058
-0.324398
-0.337670
-0.312094
-0.249626
-0.154918
-0.036949
0.093806
0.223618
0.340052
0.430298
0.485127
0.498095
0.465807
0.391843
0.281356
0.145008
-0.004277
-0.152539
-0.284486
-0.387803
-0.451948
-0.469432
-0.438098
-0.360847
-0.245500
-0.103698
0.050519
0.203329
0.338960
0.443484
0.505815
0.519734
0.483306
0.400453
0.277545
0.127338
-0.038065
-0.201752
-0.348878
-0.465084
-0.539964
-0.566191
-0.542247
-0.469116
-0.354495
-0.209670
-0.047520
0.116867
0.267446
0.390575
0.475820
0.516284
0.507255
0.451943
0.356523
0.231612
0.089321
-0.056015
-0.189545
-0.297430
-0.370186
-0.401464
-0.389122
-0.336258
-0.249482
-0.138877
-0.018316
0.099268
0.200449
0.273525
0.309706
0.305508
0.261052
0.181194
0.075006
-0.046417
-0.167994
-0.275832
-0.356625
-0.399064
-0.396868
-0.347634
-0.253424
-0.120494
0.040767
0.215586
0.388028
0.541901
0.662778
0.739060
0.763047
0.730182
0.641412
0.503103
0.326921
0.126817
-0.080035
-0.277515
-0.448890
-0.579770
-0.658878
-0.681285
-0.645258
-0.555438
-0.420740
-0.254112
-0.071355
0.110319
0.273839
0.403616
0.489598
0.523041
0.501747
0.429649
0.315299
0.169414
0.008840
-0.150467
-0.291210
-0.399673
-0.463672
-0.476652
-0.436430
-0.346116
-0.215362
-0.055853
0.116476
0.284594
0.432672
0.545954
0.614238
0.631052
0.595039
0.511085
0.388364
0.239874
0.080889
-0.071271
-0.201396
-0.295075
-0.342815
-0.340086
-0.285871
-0.186660
-0.051881
0.104485
0.267347
0.420154
0.546432
0.634133
0.672624
0.657392
0.590045
0.474697
0.320633
0.140644
-0.049096
-0.232346
-0.393887
-0.520791
-0.603371
-0.635652
-0.616231
-0.549281
-0.442493
-0.307007
-0.155403
-0.003143
0.137133
0.251640
0.332621
0.373213
0.372071
0.332337
0.258769
0.161609
0.052322
-0.056283
-0.153055
-0.226358
-0.268706
-0.276112
-0.246543
-0.183516
-0.093601
0.013999
0.128135
0.235484
0.326171
0.387931
0.414260
0.401457
0.349764
0.263606
0.149207
0.017315
-0.118107
-0.244432
-0.349259
-0.421710
-0.453719
-0.442846
-0.388639
-0.296925
-0.175842
-0.036810
0.105377
0.237499
0.345359
0.417970
0.447220
0.428799
0.364075
0.257801
0.119496
-0.037794
-0.201313
-0.355267
-0.485334
-0.578647
-0.626791
-0.624968
-0.573038
-0.475551
-0.341317
-0.181308
-0.010998
0.154742
0.300620
0.414838
0.485958
0.509062
0.482455
0.410393
0.300065
0.163040
0.014661
-0.130904
-0.258608
-0.354562
-0.408573
-0.415263
-0.374091
-0.288577
-0.167412
-0.021648
0.132763
0.278905
0.402735
0.490543
0.531976
0.523170
0.462416
0.356014
0.213670
0.048920
-0.122313
-0.284428
-0.420149
-0.515360
-0.561023
-0.552689
-0.489627
-0.378251
-0.229006
-0.054420
0.128090
0.303373
0.454318
0.567571
0.633942
0.647045
0.606702
0.518713
0.391382
0.237659
0.072036
-0.089222
-0.229955
-0.338142
-0.402873
-0.418018
-0.383384
-0.302347
-0.183377
-0.037662
0.119995
0.273652
0.408714
0.510959
0.570877
0.581088
0.542220
0.455819
0.330682
0.178939
0.014216
-0.147890
-0.293578
-0.409769
-0.488366
-0.523423
-0.513812
-0.463759
-0.381217
-0.278238
-0.167286
-0.061000
0.027900
0.089500
0.116368
0.108063
0.064307
-0.008107
-0.099990
-0.200007
-0.296350
-0.375474
-0.426570
-0.442438
-0.417651
-0.350607
-0.245741
-0.109269
0.047852
0.213154
0.372492
0.511960
0.620204
0.687085
0.707440
0.678888
0.604084
0.491197
0.349237
0.192727
0.036398
-0.105395
-0.218135
-0.290563
-0.314645
-0.287015
-0.210485
-0.090941
0.062705
0.235866
0.414380
0.581589
0.723454
0.826445
0.881561
0.884663
0.835778
0.739422
0.604474
0.444641
0.273470
0.108117
-0.037467
-0.150792
-0.222568
-0.248386
-0.227348
-0.164692
-0.068568
0.048348
0.171757
0.284948
0.372739
0.423674
0.428845
0.383542
0.287612
0.147451
-0.026727
-0.221431
-0.420039
-0.605897
-0.761599
-0.875013
-0.934142
-0.934751
-0.877523
-0.766521
-0.612630
-0.430576
-0.236264
-0.047132
0.119855
0.250520
0.334561
0.367672
0.348453
0.282088
0.178361
0.050252
-0.086202
-0.216075
-0.323166
-0.396994
-0.427240
-0.410830
-0.348624
-0.247946
-0.117851
0.027700
0.174286
0.307698
0.413259
0.480860
0.501681
0.474625
0.401392
0.289778
0.150434
-0.002724
-0.153989
-0.288130
-0.390607
-0.449981
-0.458594
-0.415621
-0.321586
-0.184971
-0.017216
0.166561
0.349278
0.515638
0.649343
0.737519
0.771530
0.748122
0.668514
0.539232
0.373295
0.184602
-0.009870
-0.193058
-0.347520
-0.460327
-0.522022
-0.526781
-0.477021
-0.377713
-0.239009
-0.076105
0.094626
0.255837
0.390773
0.486283
0.532593
0.523892
0.461295
0.349632
0.199124
0.025167
-0.156322
-0.327235
-0.471300
-0.574093
-0.625176
-0.619419
-0.556885
-0.441643
-0.285412
-0.101561
0.092598
0.279930
0.442569
0.566154
0.640361
0.658703
0.619957
0.527738
0.393468
0.230248
0.054430
-0.116724
-0.266543
-0.380685
-0.448262
-0.463107
-0.423586
-0.335158
-0.207630
-0.053171
0.110590
0.266713
0.398951
0.493311
0.540333
0.533654
0.473388
0.366395
0.221451
0.054358
-0.118366
-0.277753
-0.408077
-0.495713
-0.528571
-0.503149
-0.421050
-0.289180
-0.118479
0.074657
0.272721
0.456213
0.605954
0.708175
0.752275
0.732224
0.649811
0.510353
0.325626
0.112343
-0.111344
-0.325941
-0.512515
-0.655781
-0.744462
-0.771886
-0.737025
-0.645329
-0.506893
-0.335782
-0.149751
0.032897
0.196029
0.324017
0.406445
0.437294
0.416219
0.347390
0.241133
0.109737
-0.029469
-0.159030
-0.263754
-0.329708
-0.347145
-0.312408
-0.225284
-0.092221
0.076512
0.266258
0.458558
0.636173
0.781457
0.879789
0.920327
0.899082
0.815371
0.675363
0.489793
0.275159
0.048897
-0.170210
-0.363237
-0.515223
-0.613306
-0.651371
-0.628013
-0.547479
-0.421185
-0.260905
-0.084098
0.092403
0.251316
0.377036
0.457767
0.486886
0.462684
0.388355
0.271623
0.125380
-0.036546
-0.198057
-0.343229
-0.457349
-0.530234
-0.554353
-0.526969
-0.450986
-0.332377
-0.182026
-0.014257
0.156443
0.314482
0.445137
0.537446
0.583224
0.579117
0.526463
0.430201
0.300614
0.150084
-0.006119
-0.153675
-0.276890
-0.365663
-0.411962
-0.411557
-0.365510
-0.280026
-0.163851
-0.030551
0.106105
0.230996
0.329872
0.392508
0.410470
0.381807
0.307576
0.195834
0.054959
-0.099794
-0.254186
-0.393712
-0.504317
-0.575614
-0.601621
-0.579320
-0.512276
-0.408107
-0.277679
-0.134839
0.005919
0.131283
0.227411
0.285686
0.301844
0.274439
0.208475
0.111493
-0.003541
-0.123775
-0.234862
-0.323824
-0.380429
-0.396569
-0.369215
-0.299636
-0.193796
-0.061364
0.086019
0.235163
0.371563
0.482650
0.559542
0.595548
0.588035
0.538694
0.453552
0.341171
0.214980
0.085716
-0.032290
-0.128495
-0.194198
-0.222933
-0.211892
-0.164023
-0.084167
0.020003
0.137779
0.257498
0.367124
0.456196
0.516198
0.541862
0.530508
0.483012
0.404360
0.300777
0.183387
0.062798
-0.049709
-0.144484
-0.211675
-0.247278
-0.248545
-0.214960
-0.153135
-0.070440
0.023453
0.116095
0.195137
0.250808
0.274600
0.260674
0.207913
0.118576
-0.000611
-0.139352
-0.285871
-0.426770
-0.546647
-0.634424
-0.680627
-0.678479
-0.627284
-0.529632
-0.392181
-0.226792
-0.047294
0.131407
0.293996
0.426486
0.517526
0.558357
0.547098
0.485054
0.378187
0.236840
0.074225
-0.094964
-0.255009
-0.391469
-0.492288
-0.547908
-0.554356
-0.511767
-0.423738
-0.299172
-0.150881
0.008365
0.163258
0.299572
0.405577
0.471772
0.491871
0.466855
0.398956
0.295084
0.166700
0.025782
-0.113384
-0.237817
-0.335886
-0.399640
-0.423064
-0.405142
-0.349216
-0.261791
-0.152398
-0.033146
0.083542
0.186024
0.262674
0.306393
0.313632
0.282243
0.215737
0.121633
0.009191
-0.110798
-0.225609
-0.324160
-0.395941
-0.433073
-0.433859
-0.396704
-0.326125
-0.229882
-0.117237
-0.000877
0.106015
0.191920
0.247400
0.265112
0.241110
0.177957
0.079889
-0.042129
-0.177274
-0.310007
-0.426160
-0.512098
-0.556012
-0.550650
-0.492664
-0.382971
-0.229524
-0.042943
0.160963
0.366438
0.555362
0.711335
0.821017
0.874416
0.866125
0.797343
0.674352
0.508000
0.314317
0.109846
-0.087400
-0.258810
-0.391040
-0.471850
-0.495564
-0.460639
-0.372160
-0.239944
-0.076570
0.101185
0.276751
0.433972
0.559045
0.640287
0.671828
0.651366
0.583120
0.474891
0.336960
0.183904
0.030690
-0.108412
-0.220873
-0.296850
-0.331415
-0.322546
-0.273587
-0.191206
-0.085886
0.030066
0.142841
0.240262
0.310871
0.346436
0.343480
0.300865
0.221932
0.115550
-0.008747
-0.139545
-0.262666
-0.367171
-0.441846
-0.478846
-0.474661
-0.429574
-0.348115
-0.236755
-0.106824
0.029869
0.160358
0.272766
0.356528
0.404846
0.412277
0.379869
0.310714
0.212364
0.094911
-0.029692
-0.149591
-0.253511
-0.330901
-0.374923
-0.380900
-0.350097
-0.285072
-0.193778
-0.085500
0.026819
0.130767
0.215688
0.270923
0.289911
0.269450
0.209070
0.112725
-0.009817
-0.147640
-0.287078
-0.414962
-0.517040
-0.582603
-0.603117
-0.574710
-0.497365
-0.377400
-0.224014
-0.049851
0.129745
0.297018
0.436802
0.535127
0.582750
0.574274
0.509667
0.394184
0.238064
0.056032
-0.135466
-0.316741
-0.471741
-0.583931
-0.642346
-0.640701
-0.577165
-0.456979
-0.291627
-0.095493
0.115075
0.320570
0.501449
0.642519
0.729946
0.756272
0.719625
0.623896
0.477880
0.296315
0.095555
-0.105332
-0.288140
-0.435208
-0.533178
-0.575137
-0.555776
-0.478556
-0.352878
-0.190739
-0.008304
0.175463
0.342790
0.477388
0.567009
0.603775
0.584654
0.512244
0.395331
0.246466
0.082257
-0.079149
-0.222300
-0.332289
-0.397772
-0.411288
-0.373930
-0.289687
-0.167886
-0.022447
0.130591
0.274890
0.394771
0.476756
0.511869
0.496299
0.431757
0.324572
0.185572
0.028480
-0.129700
-0.273420
-0.386750
-0.458562
-0.479143
-0.446868
-0.363278
-0.235578
-0.075165
0.103961
0.285427
0.452974
0.592146
0.690412
0.737952
0.732375
0.674958
0.570678
0.429782
0.265883
0.093321
-0.070873
-0.212808
-0.320147
-0.384170
-0.400798
-0.369515
-0.295051
-0.186747
-0.056191
0.081551
0.211632
0.320900
0.395834
0.427981
0.413176
0.351813
0.247733
0.110271
-0.049445
-0.215414
-0.372428
-0.504994
-0.600375
-0.648677
-0.645142
-0.588127
-0.481217
-0.332839
-0.155802
0.034043
0.220257
0.386584
0.518789
0.604183
0.635437
0.609990
0.530145
0.402715
0.239750
0.055338
-0.133243
-0.310320
-0.459762
-0.569349
-0.630003
-0.638336
-0.594232
-0.504204
-0.378955
-0.230554
-0.075037
0.072596
0.198487
0.289605
0.338241
0.340288
0.297715
0.216881
0.106456
-0.021719
-0.152592
-0.271900
-0.366329
-0.425273
-0.443696
-0.418575
-0.351616
-0.249985
-0.122743
0.017475
0.156101
0.278723
0.375027
0.435155
0.453779
0.428944
0.364502
0.267534
0.147385
0.017165
-0.110016
-0.221404
-0.306177
-0.356101
-0.365836
-0.336222
-0.270718
-0.177472
-0.066199
0.050887
0.160548
0.249971
0.308783
0.329465
0.309428
0.248123
0.150854
0.025691
-0.115112
-0.258977
-0.391458
-0.500028
-0.572473
-0.601605
-0.583628
-0.519203
-0.412453
-0.272164
-0.110693
0.058008
0.218754
0.356450
0.460563
0.520550
0.532226
0.495244
0.412610
0.293535
0.150164
-0.003119
-0.151289
-0.280197
-0.377022
-0.431659
-0.438639
-0.398159
-0.313304
-0.192677
-0.047241
0.109271
0.260855
0.394022
0.495139
0.554641
0.567134
0.531966
0.451548
0.333824
0.189279
0.031457
-0.124763
-0.265744
-0.377380
-0.450762
-0.478886
-0.460590
-0.397276
-0.295426
-0.166021
-0.020477
0.126360
0.261357
0.371458
0.447028
0.481563
0.473147
0.422999
0.338114
0.226871
0.102819
-0.021575
-0.132173
-0.218202
-0.271033
-0.285281
-0.259156
-0.197771
-0.106790
0.001601
0.115177
0.220415
0.303624
0.353389
0.362355
0.326119
0.246463
0.127961
-0.019381
-0.183296
-0.349677
-0.502113
-0.625884
-0.709050
-0.743738
-0.725508
-0.655613
-0.539514
-0.387064
-0.212585
-0.029622
0.143292
0.291527
0.403012
0.467068
0.479522
0.439128
0.352047
0.226694
0.076504
-0.084134
-0.239103
-0.373484
-0.473534
-0.529398
-0.535358
-0.490902
-0.399434
-0.269253
-0.112374
0.057083
0.224115
0.371978
0.489608
0.565600
0.595048
0.575877
0.511273
0.408400
0.278658
0.134091
-0.009345
-0.138196
-0.238949
-0.302530
-0.323848
-0.301011
-0.236964
-0.139154
-0.018512
0.111720
0.238001
0.344965
0.422016
0.459152
0.450691
0.395628
0.298184
0.165123
0.008847
-0.158422
-0.321278
-0.465565
-0.578648
-0.649905
-0.674867
-0.651349
-0.583615
-0.477939
-0.344981
-0.197485
-0.048730
0.087095
0.199713
0.279638
0.322117
0.326517
0.296631
0.237565
0.159220
0.072710
-0.010745
-0.079761
-0.126512
-0.144595
-0.130759
-0.086451
-0.016721
0.072438
0.170309
0.267424
0.352579
0.415465
0.448242
0.446114
0.407357
0.334640
0.232074
0.109543
-0.024121
-0.157440
-0.277532
-0.374209
-0.439330
-0.465141
-0.451136
-0.397507
-0.309761
-0.195303
-0.064267
0.070587
0.196762
0.303261
0.381280
0.423627
0.427191
0.393495
0.326613
0.235220
0.129654
0.021057
-0.078279
-0.156818
-0.206835
-0.221928
-0.200053
-0.143521
-0.058366
0.046261
0.158658
0.266667
0.358350
0.422378
0.450514
0.438663
0.384812
0.292799
0.168984
0.022704
-0.132214
-0.282686
-0.416324
-0.520849
-0.587169
-0.608660
-0.583456
-0.514579
-0.407443
-0.270760
-0.117181
0.040440
0.187970
0.312181
0.403449
0.453397
0.457329
0.415710
0.333050
0.216605
0.077130
-0.072077
-0.216249
-0.343507
-0.440163
-0.497070
-0.508217
-0.472680
-0.392092
-0.274388
-0.128402
0.032246
0.194729
0.343747
0.466567
0.552560
0.593027
0.586250
0.532307
0.436118
0.308688
0.159576
0.003531
-0.146460
-0.277212
-0.376533
-0.436228
-0.452074
-0.424491
-0.356009
-0.254760
-0.131123
0.002509
0.132240
0.247505
0.335949
0.389144
0.402903
0.375627
0.309722
0.211654
0.091716
-0.040141
-0.169923
-0.285920
-0.376945
-0.435031
-0.454112
-0.433096
-0.373779
-0.281582
-0.164279
-0.032803
0.099631
0.222102
0.323255
0.395986
0.434876
0.437493
0.406122
0.346588
0.267001
0.177471
0.089324
0.013381
-0.040406
-0.066109
-0.059237
-0.020588
0.046297
0.132776
0.230921
0.329462
0.416403
0.481416
0.516397
0.515230
0.476084
0.399781
0.293053
0.164902
0.026166
-0.110196
-0.232105
-0.329176
-0.390970
-0.412787
-0.392434
-0.331966
-0.236968
-0.118611
0.012233
0.142280
0.257540
0.346690
0.400485
0.412092
0.380456
0.306461
0.196967
0.062815
-0.084922
-0.231368
-0.362441
-0.466759
-0.534117
-0.557161
-0.534523
-0.468843
-0.367042
-0.239303
-0.099180
0.038914
0.160850
0.253767
0.307140
0.315172
0.277694
0.197881
0.084721
-0.050405
-0.193025
-0.326790
-0.436870
-0.510798
-0.538033
-0.514376
-0.439868
-0.320593
-0.167512
0.007095
0.186365
0.352209
0.489616
0.585623
0.630369
0.619142
0.554380
0.442412
0.293132
0.122715
-0.053857
-0.217114
-0.353547
-0.449554
-0.495452
-0.488992
-0.430119
-0.327187
-0.190426
-0.034969
0.123019
0.265917
0.378728
0.450209
0.470717
0.438488
0.356453
0.230935
0.073709
-0.100007
-0.272968
-0.427760
-0.548123
-0.622890
-0.641300
-0.600945
-0.504136
-0.356055
-0.169260
0.040140
0.255556
0.458888
0.633626
0.764493
0.841339
0.859438
0.818137
0.721628
0.581252
0.410287
0.224562
0.041915
-0.121205
-0.250918
-0.335604
-0.369576
-0.350565
-0.282608
-0.174635
-0.038899
0.110683
0.258040
0.388692
0.488331
0.547288
0.560138
0.525530
0.447043
0.333179
0.195975
0.049547
-0.092508
-0.213175
-0.301530
-0.346448
-0.343405
-0.290939
-0.192245
-0.056743
0.104409
0.275341
0.441381
0.586672
0.696449
0.759036
0.769308
0.723064
0.623495
0.477775
0.297319
0.095358
-0.110601
-0.304727
-0.470635
-0.596095
-0.671072
-0.692309
-0.658656
-0.576552
-0.455116
-0.307211
-0.149960
0.000612
0.130045
0.224019
0.272394
0.269807
0.216948
0.118119
-0.017766
-0.177045
-0.343252
-0.500403
-0.632092
-0.725071
-0.768415
-0.757487
-0.691431
-0.575732
-0.419563
-0.237148
-0.044010
0.142764
0.307671
0.435477
0.516802
0.546073
0.523915
0.454859
0.349001
0.219737
0.083381
-0.043907
-0.147687
-0.215567
-0.237424
-0.211590
-0.139554
-0.028615
0.109630
0.259872
0.407028
0.534243
0.626680
0.674617
0.672516
0.617735
0.515716
0.376295
0.212204
0.040317
-0.123434
-0.262542
-0.364012
-0.418048
-0.420877
-0.372624
-0.279958
-0.153406
-0.007464
0.141770
0.277689
0.385364
0.452482
0.469982
0.436420
0.352683
0.225650
0.066787
-0.109097
-0.285006
-0.445355
-0.575784
-0.662635
-0.698575
-0.680050
-0.609300
-0.493017
-0.340989
-0.168478
0.008242
0.174266
0.313747
0.414049
0.465806
0.464715
0.410853
0.309618
0.170817
0.007411
-0.165324
-0.331408
-0.475248
-0.583438
-0.647103
-0.659980
-0.621285
-0.534278
-0.408158
-0.255774
-0.090814
0.070487
0.213318
0.323966
0.393329
0.413470
0.384667
0.310974
0.200685
0.063832
-0.083378
-0.225871
-0.348322
-0.436994
-0.481956
-0.476314
-0.419481
-0.315911
-0.173792
-0.004763
0.175010
0.349723
0.502962
0.620556
0.692303
0.711163
0.676366
0.591903
0.466768
0.313053
0.146516
-0.016719
-0.160118
-0.270040
-0.336549
-0.354840
-0.322428
-0.245828
-0.134223
-0.000279
0.141545
0.273199
0.380291
0.450649
0.475717
0.449595
0.373795
0.253309
0.099454
-0.075297
-0.254616
-0.422055
-0.561779
-0.662095
-0.712247
-0.707914
-0.649451
-0.541767
-0.393534
-0.218230
-0.031218
0.150887
0.313697
0.443252
0.528788
0.564153
0.547945
0.483439
0.377900
0.243604
0.092670
-0.059101
-0.199147
-0.313073
-0.392007
-0.429060
-0.422752
-0.376120
-0.295702
-0.191857
-0.077378
0.035142
0.132878
0.204219
0.241199
0.239773
0.199191
0.123246
0.019639
-0.100206
-0.223530
-0.338206
-0.430709
-0.490808
-0.510710
-0.486352
-0.419219
-0.313199
-0.177182
-0.022178
0.137035
0.286580
0.414115
0.507487
0.557464
0.560538
0.517084
0.430056
0.308504
0.163920
0.009825
-0.138441
-0.268066
-0.366095
-0.424186
-0.436180
-0.402403
-0.326575
-0.216725
-0.083707
0.058108
0.193990
0.308857
0.390731
0.429740
0.421892
0.364888
0.263686
0.125929
-0.035704
-0.206822
-0.371316
-0.513466
-0.620661
-0.681582
-0.690824
-0.646478
-0.552807
-0.417454
-0.253563
-0.075503
0.100236
0.256991
0.380095
0.458801
0.486236
0.460546
0.384448
0.266267
0.116826
-0.048759
-0.214739
-0.364585
-0.485375
-0.565924
-0.599292
-0.584109
-0.523025
-0.423690
-0.298822
-0.160520
-0.024332
0.095498
0.186279
0.239533
0.250422
0.218593
0.148828
0.049916
-0.065980
-0.185781
-0.294368
-0.378768
-0.428969
-0.437327
-0.401249
-0.321956
-0.206316
-0.062690
0.094727
0.251211
0.392833
0.506937
0.581533
0.609433
0.588072
0.519234
0.408691
0.267088
0.105622
-0.059520
-0.214782
-0.344906
-0.439063
-0.489001
-0.490186
-0.444592
-0.356386
-0.234923
-0.093004
0.055649
0.196249
0.313451
0.396297
0.435184
0.425603
0.369037
0.269665
0.136734
-0.016780
-0.176355
-0.326085
-0.452225
-0.541904
-0.586373
-0.581030
-0.526338
-0.427979
-0.296237
-0.143800
0.014233
0.162132
0.283729
0.368721
0.407990
0.398614
0.341967
0.243560
0.114059
-0.031963
-0.179113
-0.312391
-0.418090
-0.484470
-0.503840
-0.474173
-0.398581
-0.282682
-0.137884
0.022110
0.181171
0.324568
0.438295
0.511709
0.538038
0.515087
0.444752
0.333371
0.193056
0.035669
-0.121924
-0.265301
-0.380640
-0.456503
-0.484809
-0.462034
-0.390831
-0.277194
-0.130112
0.035986
0.207247
0.367315
0.501643
0.598481
0.647725
0.645437
0.593077
0.494546
0.359463
0.201205
0.034920
-0.124203
-0.260310
-0.360575
-0.416351
-0.422201
-0.378308
-0.289259
-0.165023
-0.018610
0.134144
0.277877
0.396773
0.478399
0.513211
0.495848
0.427999
0.315597
0.169231
0.001464
-0.171590
-0.332434
-0.465683
-0.558754
-0.603156
-0.593558
-0.531103
-0.421941
-0.276961
-0.109623
0.063825
0.227267
0.364805
0.463416
0.514816
0.514916
0.462763
0.365203
0.230937
0.074572
-0.089443
-0.244733
-0.377432
-0.473936
-0.526264
-0.528774
-0.482279
-0.389847
-0.260948
-0.107881
0.054870
0.213590
0.353331
0.462450
0.530752
0.552998
0.528740
0.460865
0.357107
0.228326
0.086752
-0.053161
-0.177377
-0.274484
-0.336427
-0.356721
-0.334198
-0.273166
-0.179150
-0.064130
0.060778
0.181022
0.283902
0.358782
0.396741
0.393348
0.348058
0.263903
0.149528
0.015741
-0.124400
-0.256829
-0.369806
-0.450534
-0.490950
-0.487107
-0.438235
-0.349609
-0.228233
-0.086511
0.061405
0.201170
0.318672
0.402112
0.442597
0.434794
0.379303
0.280207
0.145491
-0.012102
-0.176921
-0.334467
-0.468705
-0.567510
-0.621597
-0.625487
-0.579274
-0.486624
-0.356995
-0.204616
-0.043134
0.110758
0.240869
0.333105
0.379270
0.373962
0.317758
0.214244
0.074360
-0.087843
-0.256066
-0.413831
-0.544881
-0.635920
-0.677847
-0.664698
-0.597841
-0.482989
-0.331224
-0.156109
0.025471
0.196481
0.340879
0.445712
0.500771
0.501853
0.449747
0.349530
0.212020
0.050179
-0.119840
-0.281050
-0.418640
-0.518975
-0.573587
-0.577811
-0.530633
-0.438051
-0.309249
-0.156183
0.005429
0.159748
0.291077
0.386279
0.436278
0.435027
0.383458
0.284217
0.147063
-0.015492
-0.188788
-0.356110
-0.501032
-0.609544
-0.670314
-0.676436
-0.626090
-0.521930
-0.371262
-0.187011
0.017143
0.223889
0.416145
0.578872
0.698972
0.767097
0.779196
0.736848
0.645571
0.515030
0.358314
0.192504
0.033423
-0.103913
-0.207229
-0.266291
-0.276680
-0.239377
-0.158809
-0.045416
0.087863
0.225621
0.354082
0.456753
0.521630
0.540750
0.509605
0.429457
0.306265
0.150340
-0.025280
-0.204168
-0.370832
-0.509710
-0.608005
-0.656630
-0.651404
-0.593494
-0.487613
-0.344610
-0.177922
-0.002192
0.165168
0.308448
0.413725
0.472450
0.478988
0.433880
0.341958
0.212716
0.058441
-0.104733
-0.262016
-0.396963
-0.498080
-0.556089
-0.564995
-0.526672
-0.445795
-0.332184
-0.197230
-0.056651
0.074858
0.183862
0.259587
0.294379
0.285815
0.236753
0.152922
0.045427
-0.072311
-0.186562
-0.282652
-0.349435
-0.377166
-0.361803
-0.304590
-0.209846
-0.086925
0.050061
0.186916
0.308659
0.400326
0.451337
0.454151
0.406857
0.310856
0.175098
0.011364
-0.165378
-0.338461
-0.491127
-0.608586
-0.679298
-0.694938
-0.654223
-0.559792
-0.419960
-0.247648
-0.057970
0.130977
0.302661
0.440941
0.534252
0.574681
0.558177
0.488287
0.372014
0.221545
0.052074
-0.118724
-0.274772
-0.401061
-0.484208
-0.516957
-0.495849
-0.422930
-0.305864
-0.155670
0.012929
0.181322
0.334047
0.455104
0.532933
0.557574
0.527471
0.443978
0.315224
0.152522
-0.028307
-0.210487
-0.375965
-0.508672
-0.595659
-0.628057
-0.600906
-0.517677
-0.383998
-0.212399
-0.018859
0.179738
0.365413
0.521557
0.634616
0.694449
0.696711
0.642847
0.538620
0.395284
0.228060
0.054153
-0.109530
-0.246871
-0.344179
-0.392241
-0.386128
-0.326617
-0.220571
-0.078740
0.085431
0.254174
0.410470
0.540066
0.628731
0.667562
0.651612
0.582831
0.466287
0.312580
0.135927
-0.048043
-0.222508
-0.371956
-0.483496
-0.547914
-0.559801
-0.519892
-0.433076
-0.308364
-0.159792
-0.000600
0.152424
0.284309
0.383197
0.440345
0.450298
0.413181
0.333125
0.219243
0.082844
-0.060835
-0.199161
-0.316797
-0.402380
-0.446434
-0.445524
-0.398811
-0.309790
-0.186851
-0.043399
0.108404
0.253472
0.378534
0.471075
0.522260
0.527147
0.485652
0.402342
0.285470
0.146591
0.000316
-0.138623
-0.255022
-0.337332
-0.378176
-0.371539
-0.318184
-0.223420
-0.096945
0.047679
0.195376
0.330867
0.439569
0.507569
0.528362
0.498328
0.418144
0.293560
0.136528
-0.037410
-0.213682
-0.375174
-0.505273
-0.591866
-0.625227
-0.602060
-0.522587
-0.393662
-0.225693
-0.034256
0.163941
0.351914
0.512630
0.632760
0.700985
0.712844
0.667967
0.570049
0.428771
0.258564
0.074430
-0.106773
-0.268176
-0.394555
-0.476904
-0.507328
-0.484695
-0.412676
-0.298632
-0.156123
0.001127
0.156472
0.293832
0.400240
0.464919
0.480961
0.445670
0.363768
0.244277
0.098322
-0.058303
-0.209755
-0.340882
-0.436762
-0.487466
-0.485691
-0.431860
-0.329980
-0.186449
-0.015644
0.167822
0.346606
0.505670
0.630416
0.710351
0.738525
0.712745
0.637429
0.519259
0.370482
0.204665
0.038971
-0.111711
-0.234723
-0.318130
-0.354235
-0.342115
-0.282835
-0.185073
-0.057724
0.084788
0.229358
0.359066
0.461596
0.526940
0.547177
0.521175
0.451536
0.344263
0.210083
0.061814
-0.084067
-0.213322
-0.313008
-0.371725
-0.382742
-0.342988
-0.256380
-0.130016
0.026213
0.197892
0.369441
0.523446
0.647597
0.729023
0.760555
0.739004
0.666157
0.548672
0.397086
0.226829
0.052728
-0.109634
-0.245193
-0.342873
-0.393954
-0.394757
-0.347675
-0.258656
-0.138853
-0.000286
0.142232
0.273246
0.380164
0.451769
0.481872
0.467175
0.411464
0.320124
0.204220
0.075985
-0.050566
-0.161305
-0.245049
-0.291761
-0.296606
-0.258178
-0.180802
-0.071630
0.058053
0.195839
0.327486
0.439917
0.521938
0.564989
0.563739
0.519469
0.437267
0.324602
0.193966
0.059027
-0.067217
-0.169529
-0.238228
-0.265277
-0.249172
-0.189960
-0.095330
0.025180
0.157615
0.286149
0.396060
0.474044
0.508942
0.493165
0.426187
0.310991
0.156205
-0.025349
-0.218072
-0.405998
-0.570808
-0.698572
-0.775940
-0.796050
-0.756121
-0.660043
-0.514262
-0.331903
-0.129369
0.077608
0.270429
0.434343
0.555685
0.625584
0.640030
0.599580
0.509718
0.381098
0.226175
0.061701
-0.097965
-0.236697
-0.342295
-0.403934
-0.417659
-0.383010
-0.302822
-0.186356
-0.046321
0.103312
0.247397
0.371800
0.462930
0.510723
0.509185
0.458003
0.360265
0.224348
0.061964
-0.111729
-0.281861
-0.432392
-0.549447
-0.623472
-0.646489
-0.618537
-0.542778
-0.427432
-0.284258
-0.128482
0.024932
0.159605
0.262761
0.323696
0.337453
0.302897
0.224239
0.110432
-0.026363
-0.170865
-0.307484
-0.420988
-0.499200
-0.531251
-0.513783
-0.445994
-0.332693
-0.184151
-0.013553
0.164136
0.331587
0.473935
0.577613
0.631470
0.630591
0.573216
0.463921
0.311573
0.128400
-0.069477
-0.265504
-0.443771
-0.588898
-0.689341
-0.737438
-0.730862
-0.671978
-0.567899
-0.429178
-0.269922
-0.107115
0.043420
0.167921
0.253871
0.294838
0.286211
0.231394
0.136336
0.010827
-0.130880
-0.274459
-0.403699
-0.505417
-0.568092
-0.585360
-0.554034
-0.476646
-0.358535
-0.212062
-0.049477
0.113682
0.262196
0.383948
0.467488
0.505975
0.496368
0.440664
0.345768
0.221469
0.080367
-0.064180
-0.196695
-0.305079
-0.378722
-0.412230
-0.402496
-0.352998
-0.269725
-0.162179
-0.043470
0.073329
0.174491
0.248476
0.286798
0.283597
0.237975
0.153794
0.038704
-0.096008
-0.237832
-0.371827
-0.484378
-0.563666
-0.601036
-0.591703
-0.534920
-0.434919
-0.300115
-0.141994
0.026169
0.190908
0.336728
0.451763
0.526017
0.554070
0.535035
0.471483
0.371337
0.243533
0.100566
-0.044243
-0.177200
-0.286953
-0.364438
-0.403000
-0.402446
-0.362734
-0.291414
-0.196803
-0.090378
0.015825
0.108234
0.176865
0.212140
0.208737
0.166651
0.086592
-0.024404
-0.155418
-0.294168
-0.427131
-0.540555
-0.622369
-0.663172
-0.655753
-0.599854
-0.498325
-0.359487
-0.194513
-0.018643
0.153714
0.305354
0.423238
0.496333
0.517586
0.485981
0.405079
0.283049
0.133648
-0.028386
-0.186847
-0.324867
-0.428453
-0.486817
-0.494807
-0.452250
-0.364229
-0.240673
-0.094927
0.057286
0.199106
0.314479
0.391061
0.419710
0.397121
0.324774
0.209707
0.063438
-0.098570
-0.261341
-0.406631
-0.521496
-0.592521
-0.613170
-0.580129
-0.497268
-0.371216
-0.214051
-0.040549
0.134679
0.294766
0.427202
0.520598
0.568150
0.568136
0.523339
0.439873
0.328857
0.203817
0.078062
-0.034037
-0.118684
-0.167552
-0.174689
-0.137532
-0.058328
0.054917
0.193984
0.343611
0.490483
0.620013
0.719097
0.776540
0.785400
0.742426
0.650499
0.515186
0.347577
0.161837
-0.026739
-0.201982
-0.348021
-0.453227
-0.508095
-0.507154
-0.451413
-0.347244
-0.204789
-0.037345
0.138783
0.307030
0.451263
0.557915
0.615679
0.619366
0.569181
0.469577
0.330519
0.163324
-0.015352
-0.190061
-0.345673
-0.468699
-0.548513
-0.580580
-0.563207
-0.500364
-0.399485
-0.272851
-0.133950
0.002950
0.124116
0.217850
0.275744
0.292415
0.267580
0.205036
0.112873
0.001600
-0.116174
-0.227377
-0.319566
-0.382829
-0.409576
-0.395901
-0.342865
-0.255127
-0.139391
-0.006988
0.128578
0.255742
0.361804
0.437731
0.476505
0.475202
0.434797
0.360348
0.260747
0.147083
0.031102
-0.073819
-0.155076
-0.205209
-0.216661
-0.188108
-0.121720
-0.022760
0.098861
0.231094
0.360110
0.472481
0.555656
0.600487
0.599781
0.552215
0.459873
0.328801
0.170187
-0.002351
-0.174310
-0.330811
-0.458896
-0.545883
-0.584883
-0.572093
-0.508091
-0.399893
-0.257920
-0.095683
0.072959
0.230665
0.363178
0.458479
0.506989
0.504317
0.450339
0.350802
0.215247
0.057775
-0.107849
-0.264097
-0.396166
-0.490671
-0.538685
-0.533830
-0.476806
-0.372132
-0.228511
-0.059722
0.119931
0.293819
0.445351
0.561507
0.632072
0.652341
0.620514
0.541791
0.424569
0.280395
0.124938
-0.025609
-0.157411
-0.257424
-0.316025
-0.328490
-0.293728
-0.216539
-0.106514
0.026042
0.166630
0.301063
0.414560
0.495552
0.535663
0.530175
0.480899
0.390788
0.269001
0.126922
-0.022544
-0.163862
-0.285015
-0.373789
-0.423200
-0.428248
-0.387967
-0.307482
-0.193564
-0.059520
0.083094
0.219217
0.336570
0.424781
0.473774
0.479905
0.442530
0.365612
0.257351
0.129402
-0.005169
-0.131946
-0.237947
-0.312673
-0.345950
-0.335267
-0.280329
-0.186313
-0.062006
0.078979
0.224012
0.357665
0.464665
0.534418
0.557235
0.529796
0.454079
0.335256
0.183577
0.012848
-0.161966
-0.325033
-0.460569
-0.555905
-0.603219
-0.598006
-0.541072
-0.438438
-0.298859
-0.135983
0.033692
0.196122
0.335991
0.440503
0.500389
0.509322
0.469088
0.383311
0.260300
0.113627
-0.043948
-0.196408
-0.329085
-0.428743
-0.485077
-0.493428
-0.451003
-0.362873
-0.234232
-0.078508
0.090784
0.259300
0.410921
0.533288
0.615241
0.650510
0.637469
0.577775
0.479818
0.353618
0.214334
0.075277
-0.047274
-0.141315
-0.195749
-0.205863
-0.169865
-0.091748
0.019994
0.153718
0.295257
0.428539
0.538639
0.613886
0.643919
0.623829
0.555051
0.442034
0.295123
0.129042
-0.041763
-0.199885
-0.328855
-0.416581
-0.453181
-0.434182
-0.359662
-0.235542
-0.073181
0.113473
0.306913
0.489781
0.645426
0.759399
0.820904
0.824005
0.769124
0.660185
0.508132
0.327357
0.133665
-0.054436
-0.219456
-0.346949
-0.425113
-0.447772
-0.412018
-0.324563
-0.193997
-0.033610
0.139871
0.309529
0.457156
0.568829
0.633322
0.643243
0.598358
0.503467
0.366324
0.202104
0.024802
-0.148137
-0.301370
-0.420847
-0.497679
-0.524594
-0.502853
-0.435655
-0.333113
-0.206616
-0.071216
0.059605
0.171017
0.251681
0.292456
0.290023
0.244882
0.161137
0.047131
-0.084203
-0.220371
-0.347246
-0.451728
-0.523440
-0.553945
-0.539799
-0.481480
-0.383968
-0.254654
-0.104457
0.052838
0.203872
0.335822
0.437450
0.501149
0.522336
0.500627
0.440672
0.350054
0.238861
0.119857
0.005978
-0.090624
-0.160561
-0.195528
-0.192850
-0.152687
-0.080959
0.013817
0.120915
0.226183
0.318329
0.384145
0.414586
0.403997
0.350547
0.257628
0.131819
-0.016627
-0.172924
-0.324365
-0.455649
-0.553082
-0.608245
-0.614746
-0.571105
-0.480204
-0.349765
-0.190961
-0.018944
0.151972
0.304844
0.426420
0.504881
0.532244
0.505361
0.425960
0.300699
0.140430
-0.040805
-0.227793
-0.402564
-0.549287
-0.654615
-0.709876
-0.708775
-0.651836
-0.544338
-0.395534
-0.218801
-0.031361
0.149297
0.306880
0.426998
0.497685
0.512805
0.471930
0.378791
0.242539
0.076744
-0.102907
-0.279335
-0.435462
-0.557074
-0.634531
-0.660931
-0.636139
-0.563050
-0.451865
-0.314984
-0.168322
-0.028014
0.091499
0.177429
0.220233
0.215644
0.164730
0.074370
-0.046242
-0.182032
-0.319317
-0.441488
-0.534562
-0.587379
-0.592055
-0.546730
-0.454088
-0.322173
-0.162706
0.009704
0.178247
0.326521
0.439753
0.507292
0.521702
0.479897
0.384748
0.244458
0.071652
-0.118626
-0.308705
-0.481591
-0.621163
-0.713989
-0.750030
-0.725471
-0.641778
-0.505364
-0.326599
-0.120808
0.095243
0.303082
0.486235
0.628665
0.718720
0.751373
0.723813
0.640958
0.512023
0.349883
0.171196
-0.006489
-0.166434
-0.292284
-0.372386
-0.399312
-0.370134
-0.287573
-0.160344
-0.000476
0.176364
0.352991
0.512050
0.637376
0.717105
0.743385
0.713309
0.628811
0.497661
0.331890
0.146711
-0.041768
-0.215779
-0.361242
-0.466054
-0.522490
-0.526851
-0.481225
-0.392337
-0.270276
-0.129596
0.015056
0.149512
0.260384
0.336804
0.372697
0.365876
0.318520
0.236328
0.130855
0.013010
-0.103594
-0.205619
-0.282071
-0.324280
-0.327432
-0.289041
-0.214213
-0.109354
0.015303
0.146949
0.272803
0.380350
0.457949
0.498177
0.497151
0.452569
0.367540
0.251154
0.112698
-0.034356
-0.178151
-0.305146
-0.404150
-0.466329
-0.487175
-0.464479
-0.401096
-0.304009
-0.182056
-0.048001
0.085352
0.205449
0.300005
0.360370
0.379678
0.356963
0.294323
0.196581
0.073864
-0.062598
-0.199559
-0.323096
-0.420781
-0.482889
-0.502661
-0.478814
-0.412293
-0.309760
-0.180862
-0.037908
0.104365
0.232379
0.332120
0.394859
0.413852
0.387570
0.318454
0.214291
0.085723
-0.053214
-0.187354
-0.302035
-0.385192
-0.426898
-0.421527
-0.369042
-0.273697
-0.144213
0.007744
0.166558
0.318255
0.448861
0.545880
0.601461
0.612455
0.579076
0.507642
0.406280
0.286611
0.163822
0.051112
-0.040022
-0.099206
-0.121119
-0.104060
-0.051104
0.031600
0.134637
0.245666
0.351586
0.438587
0.496937
0.518265
0.498452
0.435714
0.335154
0.204125
0.052520
-0.106345
-0.258972
-0.392107
-0.494927
-0.557571
-0.575066
-0.545879
-0.473193
-0.364688
-0.230201
-0.083583
0.062944
0.193927
0.297877
0.364630
0.387444
0.364683
0.297627
0.193544
0.062307
-0.082956
-0.228712
-0.360424
-0.464686
-0.531189
-0.552521
-0.526454
-0.454409
-0.342451
-0.199696
-0.039314
0.124166
0.277459
0.405629
0.498656
0.547540
0.550467
0.507021
0.422618
0.307644
0.172859
0.032207
-0.100566
-0.211513
-0.289108
-0.326595
-0.318732
-0.266608
-0.175693
-0.054837
0.084493
0.228856
0.363800
0.475104
0.551630
0.584973
0.571437
0.511205
0.409362
0.274015
0.117832
-0.045132
-0.201820
-0.336485
-0.436891
-0.496098
-0.508677
-0.473862
-0.397009
-0.285216
-0.151228
-0.007978
0.128735
0.245203
0.330054
0.374412
0.373506
0.327118
0.239336
0.118973
-0.021167
-0.166640
-0.302418
-0.414162
-0.489633
-0.520232
-0.500447
-0.431511
-0.318361
-0.171326
-0.003850
0.169227
0.330938
0.466257
0.561820
0.608117
0.600422
0.539598
0.431228
0.287240
0.119469
-0.055088
-0.220110
-0.360135
-0.461890
-0.515727
-0.516617
-0.465283
-0.367225
-0.232467
-0.074594
0.091644
0.249991
0.386460
0.487414
0.545025
0.554000
0.515095
0.434088
0.319691
0.183585
0.040118
-0.096379
-0.212582
-0.296587
-0.342099
-0.343620
-0.301719
-0.221077
-0.110148
0.019935
0.157514
0.288999
0.400535
0.483169
0.527643
0.531055
0.492680
0.417065
0.310720
0.184089
0.048547
-0.082559
-0.197315
-0.285131
-0.339181
-0.354425
-0.331280
-0.272484
-0.184295
-0.078430
0.033481
0.138685
0.225669
0.283171
0.302850
0.280900
0.217429
0.116459
-0.014137
-0.163391
-0.317388
-0.463336
-0.587602
-0.678039
-0.725696
-0.726051
-0.678333
-0.586762
-0.460160
-0.310133
-0.150721
0.001797
0.134288
0.233039
0.288938
0.295888
0.253172
0.166300
0.042595
-0.105088
-0.261583
-0.412118
-0.542474
-0.638393
-0.690781
-0.695103
-0.650589
-0.562481
-0.439122
-0.292549
-0.137274
0.010161
0.137313
0.232080
0.284744
0.292263
0.255334
0.178623
0.072354
-0.051427
-0.177153
-0.290653
-0.377348
-0.426161
-0.429045
-0.382897
-0.288505
-0.153092
0.012720
0.195262
0.378452
0.545983
0.681297
0.771954
0.809813
0.790173
0.712989
0.585200
0.418147
0.227084
0.027946
-0.161178
-0.323116
-0.444031
-0.513234
-0.525003
-0.479796
-0.382399
-0.243419
-0.077681
0.098763
0.267559
0.413195
0.520166
0.578823
0.583717
0.533599
0.434508
0.296092
0.133029
-0.039192
-0.204749
-0.346939
-0.452822
-0.511811
-0.519890
-0.476510
-0.387425
-0.262320
-0.114918
0.040011
0.186241
0.308696
0.394561
0.434392
0.424587
0.365455
0.260813
0.121410
-0.040469
-0.209721
-0.369562
-0.505937
-0.604299
-0.655237
-0.653061
-0.597574
-0.492019
-0.344632
-0.168293
0.023190
0.212192
0.384053
0.523408
0.619302
0.663018
0.651397
0.587046
0.475936
0.328369
0.157941
-0.019235
-0.187429
-0.332010
-0.439862
-0.502330
-0.514559
-0.475973
-0.392434
-0.272048
-0.126658
0.028938
0.179797
0.312107
0.413624
0.476305
0.494675
0.469565
0.404056
0.307930
0.192491
0.070317
-0.045254
-0.141448
-0.208139
-0.237873
-0.227587
-0.177720
-0.094949
0.011870
0.131776
0.252028
0.359224
0.442971
0.493157
0.504570
0.476452
0.410998
0.314746
0.196643
0.067427
-0.058523
-0.171089
-0.259803
-0.315842
-0.336463
-0.320127
-0.271637
-0.197506
-0.106738
-0.010752
0.078683
0.150383
0.197408
0.211597
0.192769
0.141339
0.061850
-0.037017
-0.144197
-0.246597
-0.331994
-0.390898
-0.413493
-0.394048
-0.332718
-0.230596
-0.095323
0.062632
0.229420
0.390688
0.531769
0.638677
0.701594
0.712626
0.669342
0.573826
0.434971
0.262375
0.071567
-0.120787
-0.298893
-0.447397
-0.554622
-0.612881
-0.617002
-0.570369
-0.477207
-0.350137
-0.201931
-0.048941
0.093643
0.211691
0.293919
0.333073
0.325300
0.272352
0.181122
0.062349
-0.071858
-0.206843
-0.328236
-0.423444
-0.482086
-0.497494
-0.468027
-0.395677
-0.286729
-0.152228
-0.005259
0.139949
0.269898
0.371214
0.433362
0.450610
0.419851
0.344248
0.229638
0.087675
-0.069352
-0.226576
-0.367719
-0.479319
-0.549184
-0.569908
-0.538986
-0.456443
-0.330497
-0.170957
0.009266
0.193586
0.365073
0.509232
0.613172
0.668659
0.669838
0.618925
0.520990
0.386400
0.228768
0.064442
-0.092113
-0.224644
-0.321624
-0.374830
-0.380679
-0.338809
-0.256535
-0.143423
-0.013715
0.119155
0.238156
0.330474
0.384873
0.395052
0.357887
0.276058
0.156820
0.010844
-0.146704
-0.299044
-0.430612
-0.527543
-0.577411
-0.574659
-0.516033
-0.404575
-0.249106
-0.061684
0.140844
0.340796
0.519974
0.661842
0.753382
0.786235
0.756482
0.666198
0.524206
0.341820
0.136207
-0.075193
-0.273381
-0.441105
-0.564908
-0.633784
-0.644030
-0.597086
-0.498955
-0.360646
-0.196431
-0.024376
0.139636
0.280128
0.384532
0.442731
0.451470
0.410694
0.326641
0.207649
0.067881
-0.078140
-0.216568
-0.332633
-0.415742
-0.458468
-0.456332
-0.410823
-0.326417
-0.212584
-0.079717
0.057493
0.185564
0.292734
0.368102
0.404762
0.398864
0.351827
0.267781
0.155107
0.025667
-0.107734
-0.231659
-0.333482
-0.402074
-0.430038
-0.413425
-0.353401
-0.253949
-0.122740
0.029055
0.186698
0.336347
0.465302
0.562037
0.617131
0.626488
0.588591
0.508849
0.394678
0.257684
0.111853
-0.029088
-0.150923
-0.242077
-0.292225
-0.297195
-0.256012
-0.172367
-0.055602
0.082624
0.229088
0.367735
0.483736
0.563694
0.597983
0.581627
0.512294
0.394176
0.236101
0.050490
-0.147588
-0.341466
-0.514728
-0.651997
-0.742046
-0.777973
-0.758047
-0.684050
-0.564801
-0.412972
-0.243163
-0.073210
0.081313
0.203494
0.281845
0.309802
0.284394
0.207960
0.087973
-0.063962
-0.233375
-0.403261
-0.557815
-0.682744
-0.767175
-0.803671
-0.789520
-0.727358
-0.623731
-0.490635
-0.340083
-0.187165
-0.047024
0.066578
0.144723
0.181689
0.175282
0.127551
0.046730
-0.057121
-0.170308
-0.278654
-0.368849
-0.428895
-0.450787
-0.429370
-0.365142
-0.261388
-0.128246
0.023024
0.177632
0.320943
0.438430
0.517991
0.551935
0.537084
0.474315
0.368074
0.229236
0.071384
-0.090513
-0.239873
-0.362971
-0.447268
-0.484735
-0.472627
-0.410143
-0.306073
-0.170701
-0.017677
0.137706
0.279012
0.392159
0.466145
0.492163
0.469137
0.397021
0.285332
0.143584
-0.013472
-0.170672
-0.311667
-0.422170
-0.490380
-0.509057
-0.475697
-0.393625
-0.268636
-0.112476
0.060654
0.235048
0.393867
0.522140
0.608226
0.643766
0.624011
0.552715
0.434873
0.281863
0.107939
-0.071764
-0.238853
-0.379112
-0.480051
-0.531268
-0.528447
-0.473516
-0.371586
-0.232281
-0.069818
0.100605
0.261465
0.398137
0.497192
0.549956
0.550969
0.502185
0.409492
0.283638
0.137059
-0.013433
-0.151653
-0.261896
-0.331881
-0.351127
-0.318011
-0.233354
-0.103771
0.058346
0.237625
0.416646
0.577385
0.703147
0.780556
0.799983
0.757261
0.654631
0.497195
0.299038
0.074959
-0.155310
-0.373620
-0.560196
-0.700479
-0.781960
-0.798667
-0.749252
-0.639864
-0.479193
-0.282701
-0.065439
0.152687
0.353939
0.521434
0.642071
0.708099
0.715420
0.665941
0.565748
0.426477
0.260416
0.084383
-0.087300
-0.239334
-0.359270
-0.440201
-0.477373
-0.470354
-0.423261
-0.346558
-0.248917
-0.143452
-0.043149
0.040266
0.096979
0.122252
0.112001
0.069241
-0.001605
-0.090729
-0.188121
-0.282179
-0.361112
-0.413863
-0.433906
-0.416598
-0.361281
-0.272378
-0.157846
-0.027730
0.105771
0.227264
0.326267
0.393004
0.418556
0.400571
0.339565
0.241150
0.114558
-0.028732
-0.174512
-0.306808
-0.412544
-0.480693
-0.502159
-0.473733
-0.397281
-0.277392
-0.124911
0.048200
0.225882
0.392766
0.532378
0.633319
0.686655
0.686695
0.633795
0.533214
0.394740
0.231625
0.058699
-0.107872
-0.253444
-0.365591
-0.435440
-0.458853
-0.434437
-0.368809
-0.271401
-0.155122
-0.034857
0.074896
0.158933
0.207233
0.211915
0.170019
0.084009
-0.038826
-0.186134
-0.345211
-0.499035
-0.632180
-0.729862
-0.781584
-0.779397
-0.721268
-0.611014
-0.455318
-0.267419
-0.062579
0.142333
0.330313
0.485286
0.594565
0.649002
0.646577
0.586998
0.476167
0.325356
0.147464
-0.040873
-0.223545
-0.384490
-0.509372
-0.588853
-0.618008
-0.595272
-0.523802
-0.413092
-0.274997
-0.123351
0.027139
0.161662
0.266550
0.331880
0.352637
0.327238
0.258982
0.154935
0.026741
-0.111937
-0.246847
-0.364225
-0.452609
-0.502538
-0.510028
-0.475538
-0.402043
-0.298845
-0.176066
-0.048436
0.070249
0.167354
0.232855
0.259980
0.245767
0.192113
0.105853
-0.003181
-0.122914
-0.238474
-0.336161
-0.404837
-0.434742
-0.420091
-0.360415
-0.258145
-0.121226
0.038052
0.207813
0.374052
0.521303
0.637478
0.713753
0.743110
0.724728
0.660474
0.557043
0.424468
0.274187
0.119461
-0.025835
-0.150389
-0.243457
-0.299169
-0.313936
-0.288138
-0.227454
-0.138488
-0.030869
0.084039
0.194375
0.288058
0.356136
0.392232
0.390647
0.352790
0.280897
0.181497
0.063586
-0.061668
-0.182051
-0.286282
-0.363262
-0.405587
-0.407878
-0.368542
-0.290510
-0.181930
-0.051045
0.089731
0.226630
0.347460
0.439061
0.492437
0.501758
0.465595
0.386418
0.271766
0.132166
-0.017320
-0.163588
-0.291527
-0.387672
-0.441732
-0.447592
-0.403787
-0.313373
-0.183367
-0.025316
0.145463
0.314188
0.465518
0.585932
0.663251
0.692062
0.669501
0.597677
0.484357
0.340025
0.178979
0.016769
-0.132393
-0.254019
-0.336848
-0.373935
-0.362480
-0.304459
-0.206652
-0.079217
0.064289
0.209535
0.341243
0.445450
0.511972
0.532795
0.506772
0.435318
0.325473
0.189163
0.039339
-0.108605
-0.238702
-0.339146
-0.398217
-0.410032
-0.373239
-0.292220
-0.175023
-0.033866
0.116077
0.259141
0.381054
0.468289
0.512525
0.508444
0.456656
0.362452
0.235770
0.090109
-0.060168
-0.199078
-0.312849
-0.388575
-0.420617
-0.404329
-0.341999
-0.239679
-0.107729
0.040054
0.189334
0.324853
0.431968
0.500350
0.522577
0.495890
0.422135
0.306877
0.161448
-0.001886
-0.167808
-0.321360
-0.447723
-0.536522
-0.579841
-0.574861
-0.522030
-0.427629
-0.300988
-0.155998
-0.006667
0.130794
0.242532
0.317575
0.347262
0.328902
0.262975
0.156737
0.020523
-0.131448
-0.284552
-0.422056
-0.528816
-0.592130
-0.605517
-0.564955
-0.472931
-0.335683
-0.166707
0.019196
0.204677
0.372498
0.506125
0.592522
0.623119
0.594024
0.508186
0.372292
0.198175
0.002475
-0.197008
-0.382604
-0.537344
-0.647741
-0.704409
-0.702712
-0.643330
-0.534260
-0.385824
-0.212347
-0.031068
0.140812
0.287354
0.395373
0.455545
0.462996
0.419244
0.329651
0.204713
0.056965
-0.097329
-0.242728
-0.363538
-0.447371
-0.486051
-0.474866
-0.416116
-0.313649
-0.177573
-0.020225
0.143089
0.297722
0.427711
0.521367
0.569787
0.568841
0.518787
0.424395
0.295478
0.144159
-0.014350
-0.163043
-0.286746
-0.373302
-0.411853
-0.398128
-0.331436
-0.217786
-0.065881
0.110570
0.294867
0.468820
0.615631
0.721119
0.773850
0.768111
0.702746
0.583060
0.420017
0.227792
0.023908
-0.173209
-0.344506
-0.474940
-0.552303
-0.570172
-0.527474
-0.429423
-0.286703
-0.114234
0.069436
0.245570
0.395742
0.503858
0.558320
0.553804
0.488843
0.368904
0.205243
0.013833
-0.187971
-0.381323
-0.548518
-0.674072
-0.747012
-0.761293
-0.717473
-0.621523
-0.483164
-0.317449
-0.139854
0.030469
0.178811
0.291293
0.358465
0.374327
0.341074
0.264318
0.152314
0.019201
-0.119816
-0.248976
-0.354019
-0.424415
-0.451584
-0.431688
-0.367462
-0.264698
-0.134403
0.012157
0.158998
0.292480
0.398930
0.467094
0.489821
0.464879
0.394919
0.287119
0.151165
-0.000316
-0.151368
-0.287436
-0.394991
-0.462372
-0.482923
-0.452397
-0.373474
-0.251680
-0.097982
0.074837
0.251247
0.414696
0.551015
0.646737
0.692986
0.685002
0.622878
0.511762
0.360078
0.180229
-0.011962
-0.200694
-0.369568
-0.505576
-0.597913
-0.639738
-0.630223
-0.571764
-0.472072
-0.343324
-0.199978
-0.056324
0.071195
0.169957
0.229033
0.243388
0.210937
0.135776
0.025301
-0.106621
-0.247023
-0.379576
-0.488214
-0.560587
-0.587134
-0.563688
-0.490706
-0.373600
-0.221843
-0.050575
0.123647
0.284226
0.415012
0.501497
0.536188
0.512055
0.430963
0.299698
0.128849
-0.065502
-0.266126
-0.455794
-0.617328
-0.735093
-0.800512
-0.806241
-0.752531
-0.645692
-0.494956
-0.314885
-0.122459
0.065261
0.231203
0.360638
0.442187
0.470542
0.444198
0.366849
0.247399
0.099165
-0.062733
-0.223192
-0.364941
-0.473634
-0.539487
-0.554804
-0.519735
-0.437424
-0.315808
-0.167917
-0.006977
0.150464
0.288401
0.394676
0.459838
0.477965
0.448476
0.376313
0.269903
0.141883
0.007384
-0.119935
-0.225273
-0.297337
-0.327391
-0.313514
-0.257069
-0.164705
-0.046381
0.085744
0.215155
0.329371
0.415094
0.462416
0.466063
0.424718
0.342142
0.226442
0.087744
-0.059167
-0.199962
-0.319667
-0.406475
-0.451501
-0.449176
-0.399376
-0.305352
-0.176159
-0.021660
0.142811
0.301581
0.441371
0.548720
0.612592
0.628139
0.592963
0.509777
0.386118
0.233399
0.064884
-0.104521
-0.258892
-0.383476
-0.467651
-0.503289
-0.486781
-0.418211
-0.304905
-0.156627
0.013057
0.190038
0.357859
0.500923
0.607148
0.666132
0.673217
0.629284
0.536511
0.405569
0.248251
0.080047
-0.083261
-0.226097
-0.335396
-0.401215
-0.417696
-0.382948
-0.302285
-0.183796
-0.039650
0.115538
0.265363
0.394110
0.488332
0.538038
0.536817
0.483447
0.381492
0.239143
0.067984
-0.117010
-0.299411
-0.464872
-0.598200
-0.688992
-0.731546
-0.723043
-0.666057
-0.568623
-0.441230
-0.297944
-0.153139
-0.020759
0.086091
0.158910
0.190687
0.180721
0.132102
0.051915
-0.048252
-0.156222
-0.258253
-0.340504
-0.392685
-0.406549
-0.377074
-0.305866
-0.196507
-0.057148
0.100096
0.261291
0.411512
0.538259
0.629490
0.676405
0.674664
0.624339
0.529768
0.400345
0.247573
0.085206
-0.070494
-0.206348
-0.309197
-0.369967
-0.383049
-0.348768
-0.270610
-0.157041
-0.019865
0.125788
0.266375
0.386331
0.473859
0.519166
0.517305
0.468012
0.374919
0.247649
0.097637
-0.061549
-0.215078
-0.348171
-0.448579
-0.507336
-0.519781
-0.485392
-0.407901
-0.295902
-0.160623
-0.015212
0.125286
0.248342
0.342455
0.399018
0.412850
0.383193
0.314515
0.213640
0.091718
-0.038738
-0.164613
-0.271752
-0.350646
-0.392572
-0.393171
-0.352561
-0.274203
-0.165753
-0.037539
0.098202
0.227431
0.337356
0.417752
0.459837
0.459904
0.417543
0.337555
0.227648
0.099239
-0.034283
-0.159235
-0.262376
-0.332178
-0.361475
-0.345385
-0.284783
-0.184734
-0.053618
0.094871
0.246542
0.386362
0.499287
0.572835
0.599005
0.573185
0.495291
0.369643
0.206746
0.019656
-0.176252
-0.363504
-0.526863
-0.652001
-0.728666
-0.749191
-0.713422
-0.624397
-0.491456
-0.327212
-0.146209
0.034091
0.197479
0.329007
0.417230
0.455283
0.440664
0.376293
0.270221
0.135674
-0.013102
-0.159844
-0.287321
-0.381524
-0.431429
-0.430039
-0.376175
-0.274949
-0.135340
0.029962
0.204276
0.369738
0.508780
0.607213
0.652603
0.638903
0.564948
0.434733
0.257615
