0.000000
0.000000
0.000000
0.000000
24055.024017
24055.024017
24055.024017
24055.024017
24055.024017
121938.293152
121938.293152
121938.293152
121938.293152
251.680847
251.680847
251.680847
251.680847
251.680847
67640.234985
67640.234985
67640.234985
67640.234985
54.447418
54.447418
54.447418
54.447418
54.447418
584.188721
584.188721
584.188721
584.188721
114.936218
114.936218
114.936218
114.936218
114.936218
28811.758789
28811.758789
28811.758789
28811.758789
1715.106445
1715.106445
1715.106445
1715.106445
1715.106445
1417.480804
1417.480804
1417.480804
1417.480804
332.168884
332.168884
332.168884
332.168884
332.168884
323.710266
323.710266
323.710266
323.710266
40954.066742
40954.066742
40954.066742
40954.066742
40954.066742
85508.390564
